
B_jpeg(:,:,1) =

  Columns 1 through 11

    0.6686    0.6673    0.6673    0.6870    0.7567    0.9020    0.9735    0.9987         0    0.0207    0.0769
    0.6686    0.6673    0.6673    0.6870    0.7567    0.9020    0.9735    0.9987         0    0.0207    0.0769
    0.6686    0.6673    0.6673    0.6870    0.7567    0.9020    0.9735    0.9987         0    0.0207    0.0769
    0.6686    0.6673    0.6673    0.6870    0.7567    0.9020    0.9735    0.9987         0    0.0207    0.0769
    0.6686    0.6673    0.6673    0.6870    0.7567    0.9020    0.9735    0.9987         0    0.0207    0.0769
    0.6686    0.6673    0.6673    0.6870    0.7567    0.9020    0.9735    0.9987         0    0.0207    0.0769
    0.6686    0.6673    0.6673    0.6870    0.7567    0.9020    0.9735    0.9987         0    0.0207    0.0769
    0.6686    0.6673    0.6673    0.6870    0.7567    0.9020    0.9735    0.9987         0    0.0207    0.0769
    0.6686    0.6673    0.6673    0.6870    0.7567    0.9020    0.9735    0.9987         0    0.0207    0.0769
    0.6686    0.6673    0.6673    0.6870    0.7567    0.9020    0.9735    0.9987         0    0.0207    0.0769
    0.6686    0.6673    0.6673    0.6870    0.7567    0.9020    0.9735    0.9987         0    0.0207    0.0769
    0.6686    0.6673    0.6673    0.6870    0.7567    0.9020    0.9735    0.9987         0    0.0207    0.0769
    0.6686    0.6673    0.6673    0.6870    0.7567    0.9020    0.9735    0.9987         0    0.0207    0.0769
    0.6686    0.6673    0.6673    0.6870    0.7567    0.9020    0.9735    0.9987         0    0.0207    0.0769
    0.6686    0.6673    0.6673    0.6870    0.7567    0.9020    0.9735    0.9987         0    0.0207    0.0769
    0.6686    0.6673    0.6673    0.6870    0.7567    0.9020    0.9735    0.9987         0    0.0207    0.0769

  Columns 12 through 16

    0.2323    0.3100    0.3333    0.3360    0.3360
    0.2323    0.3100    0.3333    0.3360    0.3360
    0.2323    0.3100    0.3333    0.3360    0.3360
    0.2323    0.3100    0.3333    0.3360    0.3360
    0.2323    0.3100    0.3333    0.3360    0.3360
    0.2323    0.3100    0.3333    0.3360    0.3360
    0.2323    0.3100    0.3333    0.3360    0.3360
    0.2323    0.3100    0.3333    0.3360    0.3360
    0.2323    0.3100    0.3333    0.3360    0.3360
    0.2323    0.3100    0.3333    0.3360    0.3360
    0.2323    0.3100    0.3333    0.3360    0.3360
    0.2323    0.3100    0.3333    0.3360    0.3360
    0.2323    0.3100    0.3333    0.3360    0.3360
    0.2323    0.3100    0.3333    0.3360    0.3360
    0.2323    0.3100    0.3333    0.3360    0.3360
    0.2323    0.3100    0.3333    0.3360    0.3360


B_jpeg(:,:,2) =

  Columns 1 through 11

    1.0000    1.0000    0.9960    1.0000    1.0000    0.8793    0.9692    1.0000    1.0000    1.0000    1.0000
    1.0000    1.0000    0.9960    1.0000    1.0000    0.8793    0.9692    1.0000    1.0000    1.0000    1.0000
    1.0000    1.0000    0.9960    1.0000    1.0000    0.8793    0.9692    1.0000    1.0000    1.0000    1.0000
    1.0000    1.0000    0.9960    1.0000    1.0000    0.8793    0.9692    1.0000    1.0000    1.0000    1.0000
    1.0000    1.0000    0.9960    1.0000    1.0000    0.8793    0.9692    1.0000    1.0000    1.0000    1.0000
    1.0000    1.0000    0.9960    1.0000    1.0000    0.8793    0.9692    1.0000    1.0000    1.0000    1.0000
    1.0000    1.0000    0.9960    1.0000    1.0000    0.8793    0.9692    1.0000    1.0000    1.0000    1.0000
    1.0000    1.0000    0.9960    1.0000    1.0000    0.8793    0.9692    1.0000    1.0000    1.0000    1.0000
    1.0000    1.0000    0.9960    1.0000    1.0000    0.8793    0.9692    1.0000    1.0000    1.0000    1.0000
    1.0000    1.0000    0.9960    1.0000    1.0000    0.8793    0.9692    1.0000    1.0000    1.0000    1.0000
    1.0000    1.0000    0.9960    1.0000    1.0000    0.8793    0.9692    1.0000    1.0000    1.0000    1.0000
    1.0000    1.0000    0.9960    1.0000    1.0000    0.8793    0.9692    1.0000    1.0000    1.0000    1.0000
    1.0000    1.0000    0.9960    1.0000    1.0000    0.8793    0.9692    1.0000    1.0000    1.0000    1.0000
    1.0000    1.0000    0.9960    1.0000    1.0000    0.8793    0.9692    1.0000    1.0000    1.0000    1.0000
    1.0000    1.0000    0.9960    1.0000    1.0000    0.8793    0.9692    1.0000    1.0000    1.0000    1.0000
    1.0000    1.0000    0.9960    1.0000    1.0000    0.8793    0.9692    1.0000    1.0000    1.0000    1.0000

  Columns 12 through 16

    0.8289    0.9786    1.0000    0.9961    0.9880
    0.8289    0.9786    1.0000    0.9961    0.9880
    0.8289    0.9786    1.0000    0.9961    0.9880
    0.8289    0.9786    1.0000    0.9961    0.9880
    0.8289    0.9786    1.0000    0.9961    0.9880
    0.8289    0.9786    1.0000    0.9961    0.9880
    0.8289    0.9786    1.0000    0.9961    0.9880
    0.8289    0.9786    1.0000    0.9961    0.9880
    0.8289    0.9786    1.0000    0.9961    0.9880
    0.8289    0.9786    1.0000    0.9961    0.9880
    0.8289    0.9786    1.0000    0.9961    0.9880
    0.8289    0.9786    1.0000    0.9961    0.9880
    0.8289    0.9786    1.0000    0.9961    0.9880
    0.8289    0.9786    1.0000    0.9961    0.9880
    0.8289    0.9786    1.0000    0.9961    0.9880
    0.8289    0.9786    1.0000    0.9961    0.9880


B_jpeg(:,:,3) =

  Columns 1 through 11

    1.0000    0.9882    0.9922    0.8353    0.5373    0.6824    0.8902    0.9882    0.9922    0.8510    0.5098
    1.0000    0.9882    0.9922    0.8353    0.5373    0.6824    0.8902    0.9882    0.9922    0.8510    0.5098
    1.0000    0.9882    0.9922    0.8353    0.5373    0.6824    0.8902    0.9882    0.9922    0.8510    0.5098
    1.0000    0.9882    0.9922    0.8353    0.5373    0.6824    0.8902    0.9882    0.9922    0.8510    0.5098
    1.0000    0.9882    0.9922    0.8353    0.5373    0.6824    0.8902    0.9882    0.9922    0.8510    0.5098
    1.0000    0.9882    0.9922    0.8353    0.5373    0.6824    0.8902    0.9882    0.9922    0.8510    0.5098
    1.0000    0.9882    0.9922    0.8353    0.5373    0.6824    0.8902    0.9882    0.9922    0.8510    0.5098
    1.0000    0.9882    0.9922    0.8353    0.5373    0.6824    0.8902    0.9882    0.9922    0.8510    0.5098
    1.0000    0.9882    0.9922    0.8353    0.5373    0.6824    0.8902    0.9882    0.9922    0.8510    0.5098
    1.0000    0.9882    0.9922    0.8353    0.5373    0.6824    0.8902    0.9882    0.9922    0.8510    0.5098
    1.0000    0.9882    0.9922    0.8353    0.5373    0.6824    0.8902    0.9882    0.9922    0.8510    0.5098
    1.0000    0.9882    0.9922    0.8353    0.5373    0.6824    0.8902    0.9882    0.9922    0.8510    0.5098
    1.0000    0.9882    0.9922    0.8353    0.5373    0.6824    0.8902    0.9882    0.9922    0.8510    0.5098
    1.0000    0.9882    0.9922    0.8353    0.5373    0.6824    0.8902    0.9882    0.9922    0.8510    0.5098
    1.0000    0.9882    0.9922    0.8353    0.5373    0.6824    0.8902    0.9882    0.9922    0.8510    0.5098
    1.0000    0.9882    0.9922    0.8353    0.5373    0.6824    0.8902    0.9882    0.9922    0.8510    0.5098

  Columns 12 through 16

    0.7333    0.9176    1.0000    0.9961    0.9843
    0.7333    0.9176    1.0000    0.9961    0.9843
    0.7333    0.9176    1.0000    0.9961    0.9843
    0.7333    0.9176    1.0000    0.9961    0.9843
    0.7333    0.9176    1.0000    0.9961    0.9843
    0.7333    0.9176    1.0000    0.9961    0.9843
    0.7333    0.9176    1.0000    0.9961    0.9843
    0.7333    0.9176    1.0000    0.9961    0.9843
    0.7333    0.9176    1.0000    0.9961    0.9843
    0.7333    0.9176    1.0000    0.9961    0.9843
    0.7333    0.9176    1.0000    0.9961    0.9843
    0.7333    0.9176    1.0000    0.9961    0.9843
    0.7333    0.9176    1.0000    0.9961    0.9843
    0.7333    0.9176    1.0000    0.9961    0.9843
    0.7333    0.9176    1.0000    0.9961    0.9843
    0.7333    0.9176    1.0000    0.9961    0.9843


B_png(:,:,1) =

  Columns 1 through 11

    0.6667    0.6667    0.6667    0.6667    0.6667         0         0         0         0         0         0
    0.6667    0.6667    0.6667    0.6667    0.6667         0         0         0         0         0         0
    0.6667    0.6667    0.6667    0.6667    0.6667         0         0         0         0         0         0
    0.6667    0.6667    0.6667    0.6667    0.6667         0         0         0         0         0         0
    0.6667    0.6667    0.6667    0.6667    0.6667         0         0         0         0         0         0
    0.6667    0.6667    0.6667    0.6667    0.6667         0         0         0         0         0         0
    0.6667    0.6667    0.6667    0.6667    0.6667         0         0         0         0         0         0
    0.6667    0.6667    0.6667    0.6667    0.6667         0         0         0         0         0         0
    0.6667    0.6667    0.6667    0.6667    0.6667         0         0         0         0         0         0
    0.6667    0.6667    0.6667    0.6667    0.6667         0         0         0         0         0         0
    0.6667    0.6667    0.6667    0.6667    0.6667         0         0         0         0         0         0
    0.6667    0.6667    0.6667    0.6667    0.6667         0         0         0         0         0         0
    0.6667    0.6667    0.6667    0.6667    0.6667         0         0         0         0         0         0
    0.6667    0.6667    0.6667    0.6667    0.6667         0         0         0         0         0         0
    0.6667    0.6667    0.6667    0.6667    0.6667         0         0         0         0         0         0
    0.6667    0.6667    0.6667    0.6667    0.6667         0         0         0         0         0         0

  Columns 12 through 16

    0.3333    0.3333    0.3333    0.3333    0.3333
    0.3333    0.3333    0.3333    0.3333    0.3333
    0.3333    0.3333    0.3333    0.3333    0.3333
    0.3333    0.3333    0.3333    0.3333    0.3333
    0.3333    0.3333    0.3333    0.3333    0.3333
    0.3333    0.3333    0.3333    0.3333    0.3333
    0.3333    0.3333    0.3333    0.3333    0.3333
    0.3333    0.3333    0.3333    0.3333    0.3333
    0.3333    0.3333    0.3333    0.3333    0.3333
    0.3333    0.3333    0.3333    0.3333    0.3333
    0.3333    0.3333    0.3333    0.3333    0.3333
    0.3333    0.3333    0.3333    0.3333    0.3333
    0.3333    0.3333    0.3333    0.3333    0.3333
    0.3333    0.3333    0.3333    0.3333    0.3333
    0.3333    0.3333    0.3333    0.3333    0.3333
    0.3333    0.3333    0.3333    0.3333    0.3333


B_png(:,:,2) =

     1     1     1     1     1     1     1     1     1     1     1     1     1     1     1     1
     1     1     1     1     1     1     1     1     1     1     1     1     1     1     1     1
     1     1     1     1     1     1     1     1     1     1     1     1     1     1     1     1
     1     1     1     1     1     1     1     1     1     1     1     1     1     1     1     1
     1     1     1     1     1     1     1     1     1     1     1     1     1     1     1     1
     1     1     1     1     1     1     1     1     1     1     1     1     1     1     1     1
     1     1     1     1     1     1     1     1     1     1     1     1     1     1     1     1
     1     1     1     1     1     1     1     1     1     1     1     1     1     1     1     1
     1     1     1     1     1     1     1     1     1     1     1     1     1     1     1     1
     1     1     1     1     1     1     1     1     1     1     1     1     1     1     1     1
     1     1     1     1     1     1     1     1     1     1     1     1     1     1     1     1
     1     1     1     1     1     1     1     1     1     1     1     1     1     1     1     1
     1     1     1     1     1     1     1     1     1     1     1     1     1     1     1     1
     1     1     1     1     1     1     1     1     1     1     1     1     1     1     1     1
     1     1     1     1     1     1     1     1     1     1     1     1     1     1     1     1
     1     1     1     1     1     1     1     1     1     1     1     1     1     1     1     1


B_png(:,:,3) =

     1     1     1     1     1     1     1     1     1     1     1     1     1     1     1     1
     1     1     1     1     1     1     1     1     1     1     1     1     1     1     1     1
     1     1     1     1     1     1     1     1     1     1     1     1     1     1     1     1
     1     1     1     1     1     1     1     1     1     1     1     1     1     1     1     1
     1     1     1     1     1     1     1     1     1     1     1     1     1     1     1     1
     1     1     1     1     1     1     1     1     1     1     1     1     1     1     1     1
     1     1     1     1     1     1     1     1     1     1     1     1     1     1     1     1
     1     1     1     1     1     1     1     1     1     1     1     1     1     1     1     1
     1     1     1     1     1     1     1     1     1     1     1     1     1     1     1     1
     1     1     1     1     1     1     1     1     1     1     1     1     1     1     1     1
     1     1     1     1     1     1     1     1     1     1     1     1     1     1     1     1
     1     1     1     1     1     1     1     1     1     1     1     1     1     1     1     1
     1     1     1     1     1     1     1     1     1     1     1     1     1     1     1     1
     1     1     1     1     1     1     1     1     1     1     1     1     1     1     1     1
     1     1     1     1     1     1     1     1     1     1     1     1     1     1     1     1
     1     1     1     1     1     1     1     1     1     1     1     1     1     1     1     1


B_bmp(:,:,1) =

  Columns 1 through 11

    0.6667    0.6667    0.6667    0.6667    0.6667         0         0         0         0         0         0
    0.6667    0.6667    0.6667    0.6667    0.6667         0         0         0         0         0         0
    0.6667    0.6667    0.6667    0.6667    0.6667         0         0         0         0         0         0
    0.6667    0.6667    0.6667    0.6667    0.6667         0         0         0         0         0         0
    0.6667    0.6667    0.6667    0.6667    0.6667         0         0         0         0         0         0
    0.6667    0.6667    0.6667    0.6667    0.6667         0         0         0         0         0         0
    0.6667    0.6667    0.6667    0.6667    0.6667         0         0         0         0         0         0
    0.6667    0.6667    0.6667    0.6667    0.6667         0         0         0         0         0         0
    0.6667    0.6667    0.6667    0.6667    0.6667         0         0         0         0         0         0
    0.6667    0.6667    0.6667    0.6667    0.6667         0         0         0         0         0         0
    0.6667    0.6667    0.6667    0.6667    0.6667         0         0         0         0         0         0
    0.6667    0.6667    0.6667    0.6667    0.6667         0         0         0         0         0         0
    0.6667    0.6667    0.6667    0.6667    0.6667         0         0         0         0         0         0
    0.6667    0.6667    0.6667    0.6667    0.6667         0         0         0         0         0         0
    0.6667    0.6667    0.6667    0.6667    0.6667         0         0         0         0         0         0
    0.6667    0.6667    0.6667    0.6667    0.6667         0         0         0         0         0         0

  Columns 12 through 16

    0.3333    0.3333    0.3333    0.3333    0.3333
    0.3333    0.3333    0.3333    0.3333    0.3333
    0.3333    0.3333    0.3333    0.3333    0.3333
    0.3333    0.3333    0.3333    0.3333    0.3333
    0.3333    0.3333    0.3333    0.3333    0.3333
    0.3333    0.3333    0.3333    0.3333    0.3333
    0.3333    0.3333    0.3333    0.3333    0.3333
    0.3333    0.3333    0.3333    0.3333    0.3333
    0.3333    0.3333    0.3333    0.3333    0.3333
    0.3333    0.3333    0.3333    0.3333    0.3333
    0.3333    0.3333    0.3333    0.3333    0.3333
    0.3333    0.3333    0.3333    0.3333    0.3333
    0.3333    0.3333    0.3333    0.3333    0.3333
    0.3333    0.3333    0.3333    0.3333    0.3333
    0.3333    0.3333    0.3333    0.3333    0.3333
    0.3333    0.3333    0.3333    0.3333    0.3333


B_bmp(:,:,2) =

     1     1     1     1     1     1     1     1     1     1     1     1     1     1     1     1
     1     1     1     1     1     1     1     1     1     1     1     1     1     1     1     1
     1     1     1     1     1     1     1     1     1     1     1     1     1     1     1     1
     1     1     1     1     1     1     1     1     1     1     1     1     1     1     1     1
     1     1     1     1     1     1     1     1     1     1     1     1     1     1     1     1
     1     1     1     1     1     1     1     1     1     1     1     1     1     1     1     1
     1     1     1     1     1     1     1     1     1     1     1     1     1     1     1     1
     1     1     1     1     1     1     1     1     1     1     1     1     1     1     1     1
     1     1     1     1     1     1     1     1     1     1     1     1     1     1     1     1
     1     1     1     1     1     1     1     1     1     1     1     1     1     1     1     1
     1     1     1     1     1     1     1     1     1     1     1     1     1     1     1     1
     1     1     1     1     1     1     1     1     1     1     1     1     1     1     1     1
     1     1     1     1     1     1     1     1     1     1     1     1     1     1     1     1
     1     1     1     1     1     1     1     1     1     1     1     1     1     1     1     1
     1     1     1     1     1     1     1     1     1     1     1     1     1     1     1     1
     1     1     1     1     1     1     1     1     1     1     1     1     1     1     1     1


B_bmp(:,:,3) =

     1     1     1     1     1     1     1     1     1     1     1     1     1     1     1     1
     1     1     1     1     1     1     1     1     1     1     1     1     1     1     1     1
     1     1     1     1     1     1     1     1     1     1     1     1     1     1     1     1
     1     1     1     1     1     1     1     1     1     1     1     1     1     1     1     1
     1     1     1     1     1     1     1     1     1     1     1     1     1     1     1     1
     1     1     1     1     1     1     1     1     1     1     1     1     1     1     1     1
     1     1     1     1     1     1     1     1     1     1     1     1     1     1     1     1
     1     1     1     1     1     1     1     1     1     1     1     1     1     1     1     1
     1     1     1     1     1     1     1     1     1     1     1     1     1     1     1     1
     1     1     1     1     1     1     1     1     1     1     1     1     1     1     1     1
     1     1     1     1     1     1     1     1     1     1     1     1     1     1     1     1
     1     1     1     1     1     1     1     1     1     1     1     1     1     1     1     1
     1     1     1     1     1     1     1     1     1     1     1     1     1     1     1     1
     1     1     1     1     1     1     1     1     1     1     1     1     1     1     1     1
     1     1     1     1     1     1     1     1     1     1     1     1     1     1     1     1
     1     1     1     1     1     1     1     1     1     1     1     1     1     1     1     1


B_tif(:,:,1) =

  Columns 1 through 11

    0.6667    0.6667    0.6667    0.6667    0.6667         0         0         0         0         0         0
    0.6667    0.6667    0.6667    0.6667    0.6667         0         0         0         0         0         0
    0.6667    0.6667    0.6667    0.6667    0.6667         0         0         0         0         0         0
    0.6667    0.6667    0.6667    0.6667    0.6667         0         0         0         0         0         0
    0.6667    0.6667    0.6667    0.6667    0.6667         0         0         0         0         0         0
    0.6667    0.6667    0.6667    0.6667    0.6667         0         0         0         0         0         0
    0.6667    0.6667    0.6667    0.6667    0.6667         0         0         0         0         0         0
    0.6667    0.6667    0.6667    0.6667    0.6667         0         0         0         0         0         0
    0.6667    0.6667    0.6667    0.6667    0.6667         0         0         0         0         0         0
    0.6667    0.6667    0.6667    0.6667    0.6667         0         0         0         0         0         0
    0.6667    0.6667    0.6667    0.6667    0.6667         0         0         0         0         0         0
    0.6667    0.6667    0.6667    0.6667    0.6667         0         0         0         0         0         0
    0.6667    0.6667    0.6667    0.6667    0.6667         0         0         0         0         0         0
    0.6667    0.6667    0.6667    0.6667    0.6667         0         0         0         0         0         0
    0.6667    0.6667    0.6667    0.6667    0.6667         0         0         0         0         0         0
    0.6667    0.6667    0.6667    0.6667    0.6667         0         0         0         0         0         0

  Columns 12 through 16

    0.3333    0.3333    0.3333    0.3333    0.3333
    0.3333    0.3333    0.3333    0.3333    0.3333
    0.3333    0.3333    0.3333    0.3333    0.3333
    0.3333    0.3333    0.3333    0.3333    0.3333
    0.3333    0.3333    0.3333    0.3333    0.3333
    0.3333    0.3333    0.3333    0.3333    0.3333
    0.3333    0.3333    0.3333    0.3333    0.3333
    0.3333    0.3333    0.3333    0.3333    0.3333
    0.3333    0.3333    0.3333    0.3333    0.3333
    0.3333    0.3333    0.3333    0.3333    0.3333
    0.3333    0.3333    0.3333    0.3333    0.3333
    0.3333    0.3333    0.3333    0.3333    0.3333
    0.3333    0.3333    0.3333    0.3333    0.3333
    0.3333    0.3333    0.3333    0.3333    0.3333
    0.3333    0.3333    0.3333    0.3333    0.3333
    0.3333    0.3333    0.3333    0.3333    0.3333


B_tif(:,:,2) =

     1     1     1     1     1     1     1     1     1     1     1     1     1     1     1     1
     1     1     1     1     1     1     1     1     1     1     1     1     1     1     1     1
     1     1     1     1     1     1     1     1     1     1     1     1     1     1     1     1
     1     1     1     1     1     1     1     1     1     1     1     1     1     1     1     1
     1     1     1     1     1     1     1     1     1     1     1     1     1     1     1     1
     1     1     1     1     1     1     1     1     1     1     1     1     1     1     1     1
     1     1     1     1     1     1     1     1     1     1     1     1     1     1     1     1
     1     1     1     1     1     1     1     1     1     1     1     1     1     1     1     1
     1     1     1     1     1     1     1     1     1     1     1     1     1     1     1     1
     1     1     1     1     1     1     1     1     1     1     1     1     1     1     1     1
     1     1     1     1     1     1     1     1     1     1     1     1     1     1     1     1
     1     1     1     1     1     1     1     1     1     1     1     1     1     1     1     1
     1     1     1     1     1     1     1     1     1     1     1     1     1     1     1     1
     1     1     1     1     1     1     1     1     1     1     1     1     1     1     1     1
     1     1     1     1     1     1     1     1     1     1     1     1     1     1     1     1
     1     1     1     1     1     1     1     1     1     1     1     1     1     1     1     1


B_tif(:,:,3) =

     1     1     1     1     1     1     1     1     1     1     1     1     1     1     1     1
     1     1     1     1     1     1     1     1     1     1     1     1     1     1     1     1
     1     1     1     1     1     1     1     1     1     1     1     1     1     1     1     1
     1     1     1     1     1     1     1     1     1     1     1     1     1     1     1     1
     1     1     1     1     1     1     1     1     1     1     1     1     1     1     1     1
     1     1     1     1     1     1     1     1     1     1     1     1     1     1     1     1
     1     1     1     1     1     1     1     1     1     1     1     1     1     1     1     1
     1     1     1     1     1     1     1     1     1     1     1     1     1     1     1     1
     1     1     1     1     1     1     1     1     1     1     1     1     1     1     1     1
     1     1     1     1     1     1     1     1     1     1     1     1     1     1     1     1
     1     1     1     1     1     1     1     1     1     1     1     1     1     1     1     1
     1     1     1     1     1     1     1     1     1     1     1     1     1     1     1     1
     1     1     1     1     1     1     1     1     1     1     1     1     1     1     1     1
     1     1     1     1     1     1     1     1     1     1     1     1     1     1     1     1
     1     1     1     1     1     1     1     1     1     1     1     1     1     1     1     1
     1     1     1     1     1     1     1     1     1     1     1     1     1     1     1     1

