 ans  =
 
    1.  
 
-->C_jpeg=cvtColor(B_jpeg,"CV_Lab2RGB",0)
 C_jpeg  =
 
 
       C_jpeg(1)
 
    5    5    5    5    5    5    5    5    5    5    5    5    5    5    5    5  
    2    2    2    2    2    2    2    2    2    2    2    2    2    2    2    2  
    3    3    3    3    3    3    3    3    3    3    3    3    3    3    3    3  
   27   27   27   27   27   27   27   27   27   27   27   27   27   27   27   27  
   75   75   75   75   75   75   75   75   75   75   75   75   75   75   75   75  
  175  175  175  175  175  175  175  175  175  175  175  175  175  175  175  175  
  227  227  227  227  227  227  227  227  227  227  227  227  227  227  227  227  
  253  253  253  253  253  253  253  253  253  253  253  253  253  253  253  253  
  253  253  253  253  253  253  253  253  253  253  253  253  253  253  253  253  
  218  218  218  218  218  218  218  218  218  218  218  218  218  218  218  218  
  130  130  130  130  130  130  130  130  130  130  130  130  130  130  130  130  
  126  126  126  126  126  126  126  126  126  126  126  126  126  126  126  126  
   37   37   37   37   37   37   37   37   37   37   37   37   37   37   37   37  
    4    4    4    4    4    4    4    4    4    4    4    4    4    4    4    4  
    0    0    0    0    0    0    0    0    0    0    0    0    0    0    0    0  
    4    4    4    4    4    4    4    4    4    4    4    4    4    4    4    4  
 
       C_jpeg(2)
 
    2    2    2    2    2    2    2    2    2    2    2    2    2    2    2    2  
    3    3    3    3    3    3    3    3    3    3    3    3    3    3    3    3  
    8    8    8    8    8    8    8    8    8    8    8    8    8    8    8    8  
    3    3    3    3    3    3    3    3    3    3    3    3    3    3    3    3  
    0    0    0    0    0    0    0    0    0    0    0    0    0    0    0    0  
   22   22   22   22   22   22   22   22   22   22   22   22   22   22   22   22  
    5    5    5    5    5    5    5    5    5    5    5    5    5    5    5    5  
    5    5    5    5    5    5    5    5    5    5    5    5    5    5    5    5  
    0    0    0    0    0    0    0    0    0    0    0    0    0    0    0    0  
   26   26   26   26   26   26   26   26   26   26   26   26   26   26   26   26  
   60   60   60   60   60   60   60   60   60   60   60   60   60   60   60   60  
  187  187  187  187  187  187  187  187  187  187  187  187  187  187  187  187  
  234  234  234  234  234  234  234  234  234  234  234  234  234  234  234  234  
  255  255  255  255  255  255  255  255  255  255  255  255  255  255  255  255  
  254  254  254  254  254  254  254  254  254  254  254  254  254  254  254  254  
  251  251  251  251  251  251  251  251  251  251  251  251  251  251  251  251  
 
       C_jpeg(3)
 
  255  255  255  255  255  255  255  255  255  255  255  255  255  255  255  255  
  251  251  251  251  251  251  251  251  251  251  251  251  251  251  251  251  
  253  253  253  253  253  253  253  253  253  253  253  253  253  253  253  253  
  213  213  213  213  213  213  213  213  213  213  213  213  213  213  213  213  
  137  137  137  137  137  137  137  137  137  137  137  137  137  137  137  137  
  110  110  110  110  110  110  110  110  110  110  110  110  110  110  110  110  
   43   43   43   43   43   43   43   43   43   43   43   43   43   43   43   43  
    0    0    0    0    0    0    0    0    0    0    0    0    0    0    0    0  
   14   14   14   14   14   14   14   14   14   14   14   14   14   14   14   14  
    8    8    8    8    8    8    8    8    8    8    8    8    8    8    8    8  
    2    2    2    2    2    2    2    2    2    2    2    2    2    2    2    2  
   35   35   35   35   35   35   35   35   35   35   35   35   35   35   35   35  
    0    0    0    0    0    0    0    0    0    0    0    0    0    0    0    0  
    7    7    7    7    7    7    7    7    7    7    7    7    7    7    7    7  
    0    0    0    0    0    0    0    0    0    0    0    0    0    0    0    0  
    7    7    7    7    7    7    7    7    7    7    7    7    7    7    7    7  
 
-->//B_png=cvtColor(B_png,"CV_Lab2BRG",0)
 
-->C_bmp = cvtColor(B_bmp,"CV_Lab2RGB",0)
 C_bmp  =
 
 
       C_bmp(1)
 
    1    1    1    1    1    1    1    1    1    1    1    1    1    1    1    1  
    1    1    1    1    1    1    1    1    1    1    1    1    1    1    1    1  
    1    1    1    1    1    1    1    1    1    1    1    1    1    1    1    1  
    1    1    1    1    1    1    1    1    1    1    1    1    1    1    1    1  
    1    1    1    1    1    1    1    1    1    1    1    1    1    1    1    1  
  255  255  255  255  255  255  255  255  255  255  255  255  255  255  255  255  
  255  255  255  255  255  255  255  255  255  255  255  255  255  255  255  255  
  255  255  255  255  255  255  255  255  255  255  255  255  255  255  255  255  
  255  255  255  255  255  255  255  255  255  255  255  255  255  255  255  255  
  255  255  255  255  255  255  255  255  255  255  255  255  255  255  255  255  
  255  255  255  255  255  255  255  255  255  255  255  255  255  255  255  255  
    4    4    4    4    4    4    4    4    4    4    4    4    4    4    4    4  
    4    4    4    4    4    4    4    4    4    4    4    4    4    4    4    4  
    4    4    4    4    4    4    4    4    4    4    4    4    4    4    4    4  
    4    4    4    4    4    4    4    4    4    4    4    4    4    4    4    4  
    4    4    4    4    4    4    4    4    4    4    4    4    4    4    4    4  
 
       C_bmp(2)
 
    2    2    2    2    2    2    2    2    2    2    2    2    2    2    2    2  
    2    2    2    2    2    2    2    2    2    2    2    2    2    2    2    2  
    2    2    2    2    2    2    2    2    2    2    2    2    2    2    2    2  
    2    2    2    2    2    2    2    2    2    2    2    2    2    2    2    2  
    2    2    2    2    2    2    2    2    2    2    2    2    2    2    2    2  
    1    1    1    1    1    1    1    1    1    1    1    1    1    1    1    1  
    1    1    1    1    1    1    1    1    1    1    1    1    1    1    1    1  
    1    1    1    1    1    1    1    1    1    1    1    1    1    1    1    1  
    1    1    1    1    1    1    1    1    1    1    1    1    1    1    1    1  
    1    1    1    1    1    1    1    1    1    1    1    1    1    1    1    1  
    1    1    1    1    1    1    1    1    1    1    1    1    1    1    1    1  
  255  255  255  255  255  255  255  255  255  255  255  255  255  255  255  255  
  255  255  255  255  255  255  255  255  255  255  255  255  255  255  255  255  
  255  255  255  255  255  255  255  255  255  255  255  255  255  255  255  255  
  255  255  255  255  255  255  255  255  255  255  255  255  255  255  255  255  
  255  255  255  255  255  255  255  255  255  255  255  255  255  255  255  255  
 
       C_bmp(3)
 
  255  255  255  255  255  255  255  255  255  255  255  255  255  255  255  255  
  255  255  255  255  255  255  255  255  255  255  255  255  255  255  255  255  
  255  255  255  255  255  255  255  255  255  255  255  255  255  255  255  255  
  255  255  255  255  255  255  255  255  255  255  255  255  255  255  255  255  
  255  255  255  255  255  255  255  255  255  255  255  255  255  255  255  255  
    0    0    0    0    0    0    0    0    0    0    0    0    0    0    0    0  
    0    0    0    0    0    0    0    0    0    0    0    0    0    0    0    0  
    0    0    0    0    0    0    0    0    0    0    0    0    0    0    0    0  
    0    0    0    0    0    0    0    0    0    0    0    0    0    0    0    0  
    0    0    0    0    0    0    0    0    0    0    0    0    0    0    0    0  
    0    0    0    0    0    0    0    0    0    0    0    0    0    0    0    0  
    7    7    7    7    7    7    7    7    7    7    7    7    7    7    7    7  
    7    7    7    7    7    7    7    7    7    7    7    7    7    7    7    7  
    7    7    7    7    7    7    7    7    7    7    7    7    7    7    7    7  
    7    7    7    7    7    7    7    7    7    7    7    7    7    7    7    7  
    7    7    7    7    7    7    7    7    7    7    7    7    7    7    7    7  
 
-->C_tif=cvtColor(B_tif,"CV_Lab2RGB",0)
 C_tif  =
 
 
       C_tif(1)
 
    1    1    1    1    1    1    1    1    1    1    1    1    1    1    1    1  
    1    1    1    1    1    1    1    1    1    1    1    1    1    1    1    1  
    1    1    1    1    1    1    1    1    1    1    1    1    1    1    1    1  
    1    1    1    1    1    1    1    1    1    1    1    1    1    1    1    1  
    1    1    1    1    1    1    1    1    1    1    1    1    1    1    1    1  
  255  255  255  255  255  255  255  255  255  255  255  255  255  255  255  255  
  255  255  255  255  255  255  255  255  255  255  255  255  255  255  255  255  
  255  255  255  255  255  255  255  255  255  255  255  255  255  255  255  255  
  255  255  255  255  255  255  255  255  255  255  255  255  255  255  255  255  
  255  255  255  255  255  255  255  255  255  255  255  255  255  255  255  255  
  255  255  255  255  255  255  255  255  255  255  255  255  255  255  255  255  
    4    4    4    4    4    4    4    4    4    4    4    4    4    4    4    4  
    4    4    4    4    4    4    4    4    4    4    4    4    4    4    4    4  
    4    4    4    4    4    4    4    4    4    4    4    4    4    4    4    4  
    4    4    4    4    4    4    4    4    4    4    4    4    4    4    4    4  
    4    4    4    4    4    4    4    4    4    4    4    4    4    4    4    4  
 
       C_tif(2)
 
    2    2    2    2    2    2    2    2    2    2    2    2    2    2    2    2  
    2    2    2    2    2    2    2    2    2    2    2    2    2    2    2    2  
    2    2    2    2    2    2    2    2    2    2    2    2    2    2    2    2  
    2    2    2    2    2    2    2    2    2    2    2    2    2    2    2    2  
    2    2    2    2    2    2    2    2    2    2    2    2    2    2    2    2  
    1    1    1    1    1    1    1    1    1    1    1    1    1    1    1    1  
    1    1    1    1    1    1    1    1    1    1    1    1    1    1    1    1  
    1    1    1    1    1    1    1    1    1    1    1    1    1    1    1    1  
    1    1    1    1    1    1    1    1    1    1    1    1    1    1    1    1  
    1    1    1    1    1    1    1    1    1    1    1    1    1    1    1    1  
    1    1    1    1    1    1    1    1    1    1    1    1    1    1    1    1  
  255  255  255  255  255  255  255  255  255  255  255  255  255  255  255  255  
  255  255  255  255  255  255  255  255  255  255  255  255  255  255  255  255  
  255  255  255  255  255  255  255  255  255  255  255  255  255  255  255  255  
  255  255  255  255  255  255  255  255  255  255  255  255  255  255  255  255  
  255  255  255  255  255  255  255  255  255  255  255  255  255  255  255  255  
 
       C_tif(3)
 
  255  255  255  255  255  255  255  255  255  255  255  255  255  255  255  255  
  255  255  255  255  255  255  255  255  255  255  255  255  255  255  255  255  
  255  255  255  255  255  255  255  255  255  255  255  255  255  255  255  255  
  255  255  255  255  255  255  255  255  255  255  255  255  255  255  255  255  
  255  255  255  255  255  255  255  255  255  255  255  255  255  255  255  255  
    0    0    0    0    0    0    0    0    0    0    0    0    0    0    0    0  
    0    0    0    0    0    0    0    0    0    0    0    0    0    0    0    0  
    0    0    0    0    0    0    0    0    0    0    0    0    0    0    0    0  
    0    0    0    0    0    0    0    0    0    0    0    0    0    0    0    0  
    0    0    0    0    0    0    0    0    0    0    0    0    0    0    0    0  
    0    0    0    0    0    0    0    0    0    0    0    0    0    0    0    0  
    7    7    7    7    7    7    7    7    7    7    7    7    7    7    7    7  
    7    7    7    7    7    7    7    7    7    7    7    7    7    7    7    7  
    7    7    7    7    7    7    7    7    7    7    7    7    7    7    7    7  
    7    7    7    7    7    7    7    7    7    7    7    7    7    7    7    7  
    7    7    7    7    7    7    7    7    7    7    7    7    7    7    7    7  
 
-->diary(0)
