 ans  =
 
    1.  
 
-->B_jpeg=cvtColor(A_jpeg,"CV_BGR2Lab",0)
 B_jpeg  =
 
 
       B_jpeg(1)
 
   20   20   20   20   20   20   20   20   20   20   20   20   20   20   20   20  
   21   21   21   21   21   21   21   21   21   21   21   21   21   21   21   21  
   21   21   21   21   21   21   21   21   21   21   21   21   21   21   21   21  
   35   35   35   35   35   35   35   35   35   35   35   35   35   35   35   35  
   71   71   71   71   71   71   71   71   71   71   71   71   71   71   71   71  
  117  117  117  117  117  117  117  117  117  117  117  117  117  117  117  117  
  173  173  173  173  173  173  173  173  173  173  173  173  173  173  173  173  
  194  194  194  194  194  194  194  194  194  194  194  194  194  194  194  194  
  195  195  195  195  195  195  195  195  195  195  195  195  195  195  195  195  
  188  188  188  188  188  188  188  188  188  188  188  188  188  188  188  188  
  173  173  173  173  173  173  173  173  173  173  173  173  173  173  173  173  
  193  193  193  193  193  193  193  193  193  193  193  193  193  193  193  193  
  206  206  206  206  206  206  206  206  206  206  206  206  206  206  206  206  
  211  211  211  211  211  211  211  211  211  211  211  211  211  211  211  211  
  211  211  211  211  211  211  211  211  211  211  211  211  211  211  211  211  
  210  210  210  210  210  210  210  210  210  210  210  210  210  210  210  210  
 
       B_jpeg(2)
 
  207  207  207  207  207  207  207  207  207  207  207  207  207  207  207  207  
  206  206  206  206  206  206  206  206  206  206  206  206  206  206  206  206  
  206  206  206  206  206  206  206  206  206  206  206  206  206  206  206  206  
  197  197  197  197  197  197  197  197  197  197  197  197  197  197  197  197  
  181  181  181  181  181  181  181  181  181  181  181  181  181  181  181  181  
  191  191  191  191  191  191  191  191  191  191  191  191  191  191  191  191  
  201  201  201  201  201  201  201  201  201  201  201  201  201  201  201  201  
  207  207  207  207  207  207  207  207  207  207  207  207  207  207  207  207  
  208  208  208  208  208  208  208  208  208  208  208  208  208  208  208  208  
  196  196  196  196  196  196  196  196  196  196  196  196  196  196  196  196  
  155  155  155  155  155  155  155  155  155  155  155  155  155  155  155  155  
   87   87   87   87   87   87   87   87   87   87   87   87   87   87   87   87  
   49   49   49   49   49   49   49   49   49   49   49   49   49   49   49   49  
   42   42   42   42   42   42   42   42   42   42   42   42   42   42   42   42  
   42   42   42   42   42   42   42   42   42   42   42   42   42   42   42   42  
   43   43   43   43   43   43   43   43   43   43   43   43   43   43   43   43  
 
       B_jpeg(3)
 
   83   83   83   83   83   83   83   83   83   83   83   83   83   83   83   83  
   82   82   82   82   82   82   82   82   82   82   82   82   82   82   82   82  
   82   82   82   82   82   82   82   82   82   82   82   82   82   82   82   82  
   69   69   69   69   69   69   69   69   69   69   69   69   69   69   69   69  
   54   54   54   54   54   54   54   54   54   54   54   54   54   54   54   54  
  100  100  100  100  100  100  100  100  100  100  100  100  100  100  100  100  
  122  122  122  122  122  122  122  122  122  122  122  122  122  122  122  122  
  134  134  134  134  134  134  134  134  134  134  134  134  134  134  134  134  
  135  135  135  135  135  135  135  135  135  135  135  135  135  135  135  135  
  118  118  118  118  118  118  118  118  118  118  118  118  118  118  118  118  
   87   87   87   87   87   87   87   87   87   87   87   87   87   87   87   87  
  177  177  177  177  177  177  177  177  177  177  177  177  177  177  177  177  
  208  208  208  208  208  208  208  208  208  208  208  208  208  208  208  208  
  224  224  224  224  224  224  224  224  224  224  224  224  224  224  224  224  
  223  223  223  223  223  223  223  223  223  223  223  223  223  223  223  223  
  221  221  221  221  221  221  221  221  221  221  221  221  221  221  221  221  
 
-->//B_png=cvtColor(A_png,"CV_BGR2HSVb",0)
 
-->B_bmp = cvtColor(A_bmp,"CV_BGR2Lab",0)
 B_bmp  =
 
 
       B_bmp(1)
 
   20   20   20   20   20   20   20   20   20   20   20   20   20   20   20   20  
   20   20   20   20   20   20   20   20   20   20   20   20   20   20   20   20  
   20   20   20   20   20   20   20   20   20   20   20   20   20   20   20   20  
   20   20   20   20   20   20   20   20   20   20   20   20   20   20   20   20  
   20   20   20   20   20   20   20   20   20   20   20   20   20   20   20   20  
  195  195  195  195  195  195  195  195  195  195  195  195  195  195  195  195  
  195  195  195  195  195  195  195  195  195  195  195  195  195  195  195  195  
  195  195  195  195  195  195  195  195  195  195  195  195  195  195  195  195  
  195  195  195  195  195  195  195  195  195  195  195  195  195  195  195  195  
  195  195  195  195  195  195  195  195  195  195  195  195  195  195  195  195  
  195  195  195  195  195  195  195  195  195  195  195  195  195  195  195  195  
  211  211  211  211  211  211  211  211  211  211  211  211  211  211  211  211  
  211  211  211  211  211  211  211  211  211  211  211  211  211  211  211  211  
  211  211  211  211  211  211  211  211  211  211  211  211  211  211  211  211  
  211  211  211  211  211  211  211  211  211  211  211  211  211  211  211  211  
  211  211  211  211  211  211  211  211  211  211  211  211  211  211  211  211  
 
       B_bmp(2)
 
  207  207  207  207  207  207  207  207  207  207  207  207  207  207  207  207  
  207  207  207  207  207  207  207  207  207  207  207  207  207  207  207  207  
  207  207  207  207  207  207  207  207  207  207  207  207  207  207  207  207  
  207  207  207  207  207  207  207  207  207  207  207  207  207  207  207  207  
  207  207  207  207  207  207  207  207  207  207  207  207  207  207  207  207  
  208  208  208  208  208  208  208  208  208  208  208  208  208  208  208  208  
  208  208  208  208  208  208  208  208  208  208  208  208  208  208  208  208  
  208  208  208  208  208  208  208  208  208  208  208  208  208  208  208  208  
  208  208  208  208  208  208  208  208  208  208  208  208  208  208  208  208  
  208  208  208  208  208  208  208  208  208  208  208  208  208  208  208  208  
  208  208  208  208  208  208  208  208  208  208  208  208  208  208  208  208  
   42   42   42   42   42   42   42   42   42   42   42   42   42   42   42   42  
   42   42   42   42   42   42   42   42   42   42   42   42   42   42   42   42  
   42   42   42   42   42   42   42   42   42   42   42   42   42   42   42   42  
   42   42   42   42   42   42   42   42   42   42   42   42   42   42   42   42  
   42   42   42   42   42   42   42   42   42   42   42   42   42   42   42   42  
 
       B_bmp(3)
 
   82   82   82   82   82   82   82   82   82   82   82   82   82   82   82   82  
   82   82   82   82   82   82   82   82   82   82   82   82   82   82   82   82  
   82   82   82   82   82   82   82   82   82   82   82   82   82   82   82   82  
   82   82   82   82   82   82   82   82   82   82   82   82   82   82   82   82  
   82   82   82   82   82   82   82   82   82   82   82   82   82   82   82   82  
  136  136  136  136  136  136  136  136  136  136  136  136  136  136  136  136  
  136  136  136  136  136  136  136  136  136  136  136  136  136  136  136  136  
  136  136  136  136  136  136  136  136  136  136  136  136  136  136  136  136  
  136  136  136  136  136  136  136  136  136  136  136  136  136  136  136  136  
  136  136  136  136  136  136  136  136  136  136  136  136  136  136  136  136  
  136  136  136  136  136  136  136  136  136  136  136  136  136  136  136  136  
  224  224  224  224  224  224  224  224  224  224  224  224  224  224  224  224  
  224  224  224  224  224  224  224  224  224  224  224  224  224  224  224  224  
  224  224  224  224  224  224  224  224  224  224  224  224  224  224  224  224  
  224  224  224  224  224  224  224  224  224  224  224  224  224  224  224  224  
  224  224  224  224  224  224  224  224  224  224  224  224  224  224  224  224  
 
-->B_tif=cvtColor(A_tif,"CV_BGR2Lab",0)
 B_tif  =
 
 
       B_tif(1)
 
   20   20   20   20   20   20   20   20   20   20   20   20   20   20   20   20  
   20   20   20   20   20   20   20   20   20   20   20   20   20   20   20   20  
   20   20   20   20   20   20   20   20   20   20   20   20   20   20   20   20  
   20   20   20   20   20   20   20   20   20   20   20   20   20   20   20   20  
   20   20   20   20   20   20   20   20   20   20   20   20   20   20   20   20  
  195  195  195  195  195  195  195  195  195  195  195  195  195  195  195  195  
  195  195  195  195  195  195  195  195  195  195  195  195  195  195  195  195  
  195  195  195  195  195  195  195  195  195  195  195  195  195  195  195  195  
  195  195  195  195  195  195  195  195  195  195  195  195  195  195  195  195  
  195  195  195  195  195  195  195  195  195  195  195  195  195  195  195  195  
  195  195  195  195  195  195  195  195  195  195  195  195  195  195  195  195  
  211  211  211  211  211  211  211  211  211  211  211  211  211  211  211  211  
  211  211  211  211  211  211  211  211  211  211  211  211  211  211  211  211  
  211  211  211  211  211  211  211  211  211  211  211  211  211  211  211  211  
  211  211  211  211  211  211  211  211  211  211  211  211  211  211  211  211  
  211  211  211  211  211  211  211  211  211  211  211  211  211  211  211  211  
 
       B_tif(2)
 
  207  207  207  207  207  207  207  207  207  207  207  207  207  207  207  207  
  207  207  207  207  207  207  207  207  207  207  207  207  207  207  207  207  
  207  207  207  207  207  207  207  207  207  207  207  207  207  207  207  207  
  207  207  207  207  207  207  207  207  207  207  207  207  207  207  207  207  
  207  207  207  207  207  207  207  207  207  207  207  207  207  207  207  207  
  208  208  208  208  208  208  208  208  208  208  208  208  208  208  208  208  
  208  208  208  208  208  208  208  208  208  208  208  208  208  208  208  208  
  208  208  208  208  208  208  208  208  208  208  208  208  208  208  208  208  
  208  208  208  208  208  208  208  208  208  208  208  208  208  208  208  208  
  208  208  208  208  208  208  208  208  208  208  208  208  208  208  208  208  
  208  208  208  208  208  208  208  208  208  208  208  208  208  208  208  208  
   42   42   42   42   42   42   42   42   42   42   42   42   42   42   42   42  
   42   42   42   42   42   42   42   42   42   42   42   42   42   42   42   42  
   42   42   42   42   42   42   42   42   42   42   42   42   42   42   42   42  
   42   42   42   42   42   42   42   42   42   42   42   42   42   42   42   42  
   42   42   42   42   42   42   42   42   42   42   42   42   42   42   42   42  
 
       B_tif(3)
 
   82   82   82   82   82   82   82   82   82   82   82   82   82   82   82   82  
   82   82   82   82   82   82   82   82   82   82   82   82   82   82   82   82  
   82   82   82   82   82   82   82   82   82   82   82   82   82   82   82   82  
   82   82   82   82   82   82   82   82   82   82   82   82   82   82   82   82  
   82   82   82   82   82   82   82   82   82   82   82   82   82   82   82   82  
  136  136  136  136  136  136  136  136  136  136  136  136  136  136  136  136  
  136  136  136  136  136  136  136  136  136  136  136  136  136  136  136  136  
  136  136  136  136  136  136  136  136  136  136  136  136  136  136  136  136  
  136  136  136  136  136  136  136  136  136  136  136  136  136  136  136  136  
  136  136  136  136  136  136  136  136  136  136  136  136  136  136  136  136  
  136  136  136  136  136  136  136  136  136  136  136  136  136  136  136  136  
  224  224  224  224  224  224  224  224  224  224  224  224  224  224  224  224  
  224  224  224  224  224  224  224  224  224  224  224  224  224  224  224  224  
  224  224  224  224  224  224  224  224  224  224  224  224  224  224  224  224  
  224  224  224  224  224  224  224  224  224  224  224  224  224  224  224  224  
  224  224  224  224  224  224  224  224  224  224  224  224  224  224  224  224  
 
-->diary(0)
