A_jpeg = imread('color.jpeg');
A_png = imread('color.png');
A_bmp = imread('color.bmp');
A_tif = imread('color.tif');
B_jpeg = insertShape(A_jpeg, 'circle', [10 10 5], 'LineWidth',1,'Color', 'black')

B_jpeg(:,:,1) =

    3    1    2   26   74  174  227  252  253  217  130  126   37    0    1    3
    3    1    2   26   74  174  227  252  253  217  130  126   37    0    1    3
    3    1    2   26   74  174  227  252  253  217  130  126   37    0    1    3
    3    1    2   26   74  174  227  252  253  217  130  126   37    0    1    3
    3    1    2   26   74  174  191   94   19    0   10   47   31    0    1    3
    3    1    2   26   74  116   21  133  225  217  115   66    3    0    1    3
    3    1    2   26   62   16  173  252  253  217  130  126   28    0    0    3
    3    1    2   26   27   92  227  252  253  217  130  126   37    0    0    3
    3    1    2   26    5  154  227  252  253  217  130  126   37    0    0    3
    3    1    2   26    0  174  227  252  253  217  130  126   37    0    0    3
    3    1    2   26    5  154  227  252  253  217  130  126   37    0    0    3
    3    1    2   26   27   92  227  252  253  217  130  126   37    0    0    3
    3    1    2   26   62   16  173  252  253  217  130  126   28    0    0    3
    3    1    2   26   74  116   21  133  225  217  115   66    3    0    1    3
    3    1    2   26   74  174  191   94   19    0   10   47   31    0    1    3
    3    1    2   26   74  174  227  252  253  217  130  126   37    0    1    3


B_jpeg(:,:,2) =

    0    0    1    0    0   21    7    0    0   27   60  187  234  255  254  251
    0    0    1    0    0   21    7    0    0   27   60  187  234  255  254  251
    0    0    1    0    0   21    7    0    0   27   60  187  234  255  254  251
    0    0    1    0    0   21    7    0    0   27   60  187  234  255  254  251
    0    0    1    0    0   21    5    0    0    0    4   70  197  255  254  251
    0    0    1    0    0   14    0    0    0   27   53   99   21  171  254  251
    0    0    1    0    0    1    5    0    0   27   60  187  179   23  214  251
    0    0    1    0    0   11    7    0    0   27   60  187  234  135   95  251
    0    0    1    0    0   18    7    0    0   27   60  187  234  227   19  251
    0    0    1    0    0   21    7    0    0   27   60  187  234  255    0  251
    0    0    1    0    0   18    7    0    0   27   60  187  234  227   19  251
    0    0    1    0    0   11    7    0    0   27   60  187  234  135   95  251
    0    0    1    0    0    1    5    0    0   27   60  187  179   23  214  251
    0    0    1    0    0   14    0    0    0   27   53   99   21  171  254  251
    0    0    1    0    0   21    5    0    0    0    4   70  197  255  254  251
    0    0    1    0    0   21    7    0    0   27   60  187  234  255  254  251


B_jpeg(:,:,3) =

  255  252  253  213  137  111   42    2    0    0    0   32    5    0    5    7
  255  252  253  213  137  111   42    2    0    0    0   32    5    0    5    7
  255  252  253  213  137  111   42    2    0    0    0   32    5    0    5    7
  255  252  253  213  137  111   42    2    0    0    0   32    5    0    5    7
  255  252  253  213  137  111   35    0    0    0    0   12    4    0    5    7
  255  252  253  213  137   74    3    1    0    0    0   17    0    0    5    7
  255  252  253  213  115   10   32    2    0    0    0   32    3    0    4    7
  255  252  253  213   51   58   42    2    0    0    0   32    5    0    1    7
  255  252  253  213   10   98   42    2    0    0    0   32    5    0    0    7
  255  252  253  213    0  111   42    2    0    0    0   32    5    0    0    7
  255  252  253  213   10   98   42    2    0    0    0   32    5    0    0    7
  255  252  253  213   51   58   42    2    0    0    0   32    5    0    1    7
  255  252  253  213  115   10   32    2    0    0    0   32    3    0    4    7
  255  252  253  213  137   74    3    1    0    0    0   17    0    0    5    7
  255  252  253  213  137  111   35    0    0    0    0   12    4    0    5    7
  255  252  253  213  137  111   42    2    0    0    0   32    5    0    5    7

B_png = insertShape(A_png, 'circle', [10 10 5], 'LineWidth',1,'Color', 'black')

B_png(:,:,1) =

    0    0    0    0    0  255  255  255  255  255  255    0    0    0    0    0
    0    0    0    0    0  255  255  255  255  255  255    0    0    0    0    0
    0    0    0    0    0  255  255  255  255  255  255    0    0    0    0    0
    0    0    0    0    0  255  255  255  255  255  255    0    0    0    0    0
    0    0    0    0    0  255  215   95   19    0   19    0    0    0    0    0
    0    0    0    0    0  171   23  135  227  255  227    0    0    0    0    0
    0    0    0    0    0   23  195  255  255  255  255    0    0    0    0    0
    0    0    0    0    0  135  255  255  255  255  255    0    0    0    0    0
    0    0    0    0    0  227  255  255  255  255  255    0    0    0    0    0
    0    0    0    0    0  255  255  255  255  255  255    0    0    0    0    0
    0    0    0    0    0  227  255  255  255  255  255    0    0    0    0    0
    0    0    0    0    0  135  255  255  255  255  255    0    0    0    0    0
    0    0    0    0    0   23  195  255  255  255  255    0    0    0    0    0
    0    0    0    0    0  171   23  135  227  255  227    0    0    0    0    0
    0    0    0    0    0  255  215   95   19    0   19    0    0    0    0    0
    0    0    0    0    0  255  255  255  255  255  255    0    0    0    0    0


B_png(:,:,2) =

    0    0    0    0    0    0    0    0    0    0    0  255  255  255  255  255
    0    0    0    0    0    0    0    0    0    0    0  255  255  255  255  255
    0    0    0    0    0    0    0    0    0    0    0  255  255  255  255  255
    0    0    0    0    0    0    0    0    0    0    0  255  255  255  255  255
    0    0    0    0    0    0    0    0    0    0    0   95  215  255  255  255
    0    0    0    0    0    0    0    0    0    0    0  135   23  171  255  255
    0    0    0    0    0    0    0    0    0    0    0  255  195   23  215  255
    0    0    0    0    0    0    0    0    0    0    0  255  255  135   95  255
    0    0    0    0    0    0    0    0    0    0    0  255  255  227   19  255
    0    0    0    0    0    0    0    0    0    0    0  255  255  255    0  255
    0    0    0    0    0    0    0    0    0    0    0  255  255  227   19  255
    0    0    0    0    0    0    0    0    0    0    0  255  255  135   95  255
    0    0    0    0    0    0    0    0    0    0    0  255  195   23  215  255
    0    0    0    0    0    0    0    0    0    0    0  135   23  171  255  255
    0    0    0    0    0    0    0    0    0    0    0   95  215  255  255  255
    0    0    0    0    0    0    0    0    0    0    0  255  255  255  255  255


B_png(:,:,3) =

  255  255  255  255  255    0    0    0    0    0    0    0    0    0    0    0
  255  255  255  255  255    0    0    0    0    0    0    0    0    0    0    0
  255  255  255  255  255    0    0    0    0    0    0    0    0    0    0    0
  255  255  255  255  255    0    0    0    0    0    0    0    0    0    0    0
  255  255  255  255  255    0    0    0    0    0    0    0    0    0    0    0
  255  255  255  255  255    0    0    0    0    0    0    0    0    0    0    0
  255  255  255  255  215    0    0    0    0    0    0    0    0    0    0    0
  255  255  255  255   95    0    0    0    0    0    0    0    0    0    0    0
  255  255  255  255   19    0    0    0    0    0    0    0    0    0    0    0
  255  255  255  255    0    0    0    0    0    0    0    0    0    0    0    0
  255  255  255  255   19    0    0    0    0    0    0    0    0    0    0    0
  255  255  255  255   95    0    0    0    0    0    0    0    0    0    0    0
  255  255  255  255  215    0    0    0    0    0    0    0    0    0    0    0
  255  255  255  255  255    0    0    0    0    0    0    0    0    0    0    0
  255  255  255  255  255    0    0    0    0    0    0    0    0    0    0    0
  255  255  255  255  255    0    0    0    0    0    0    0    0    0    0    0

B_bmp = insertShape(A_bmp, 'circle', [10 10 5], 'LineWidth',4,'Color', 'black')

B_bmp(:,:,1) =

    0    0    0    0    0  255  255  255  255  255  255    0    0    0    0    0
    0    0    0    0    0  255  255  255  255  255  255    0    0    0    0    0
    0    0    0    0    0  251  159   67   15    0   15    0    0    0    0    0
    0    0    0    0    0   43    0    0    0    0    0    0    0    0    0    0
    0    0    0    0    0    0    0    0    0    0    0    0    0    0    0    0
    0    0    0    0    0    0    0    0    0    0    0    0    0    0    0    0
    0    0    0    0    0    0    0   91  219  255  219    0    0    0    0    0
    0    0    0    0    0    0   91  255  255  255  255    0    0    0    0    0
    0    0    0    0    0    0  219  255  255  255  255    0    0    0    0    0
    0    0    0    0    0    0  255  255  255  255  255    0    0    0    0    0
    0    0    0    0    0    0  219  255  255  255  255    0    0    0    0    0
    0    0    0    0    0    0   91  255  255  255  255    0    0    0    0    0
    0    0    0    0    0    0    0   91  219  255  219    0    0    0    0    0
    0    0    0    0    0    0    0    0    0    0    0    0    0    0    0    0
    0    0    0    0    0    0    0    0    0    0    0    0    0    0    0    0
    0    0    0    0    0   43    0    0    0    0    0    0    0    0    0    0


B_bmp(:,:,2) =

    0    0    0    0    0    0    0    0    0    0    0  255  255  255  255  255
    0    0    0    0    0    0    0    0    0    0    0  255  255  255  255  255
    0    0    0    0    0    0    0    0    0    0    0   67  159  251  255  255
    0    0    0    0    0    0    0    0    0    0    0    0    0   43  215  255
    0    0    0    0    0    0    0    0    0    0    0    0    0    0   23  215
    0    0    0    0    0    0    0    0    0    0    0    0    0    0    0   43
    0    0    0    0    0    0    0    0    0    0    0   91    0    0    0    0
    0    0    0    0    0    0    0    0    0    0    0  255   91    0    0    0
    0    0    0    0    0    0    0    0    0    0    0  255  219    0    0    0
    0    0    0    0    0    0    0    0    0    0    0  255  255    0    0    0
    0    0    0    0    0    0    0    0    0    0    0  255  219    0    0    0
    0    0    0    0    0    0    0    0    0    0    0  255   91    0    0    0
    0    0    0    0    0    0    0    0    0    0    0   91    0    0    0    0
    0    0    0    0    0    0    0    0    0    0    0    0    0    0    0   43
    0    0    0    0    0    0    0    0    0    0    0    0    0    0   23  215
    0    0    0    0    0    0    0    0    0    0    0    0    0   43  215  255


B_bmp(:,:,3) =

  255  255  255  255  255    0    0    0    0    0    0    0    0    0    0    0
  255  255  255  255  255    0    0    0    0    0    0    0    0    0    0    0
  255  255  255  255  255    0    0    0    0    0    0    0    0    0    0    0
  255  255  255  255  215    0    0    0    0    0    0    0    0    0    0    0
  255  255  255  215   23    0    0    0    0    0    0    0    0    0    0    0
  255  255  251   43    0    0    0    0    0    0    0    0    0    0    0    0
  255  255  159    0    0    0    0    0    0    0    0    0    0    0    0    0
  255  255   67    0    0    0    0    0    0    0    0    0    0    0    0    0
  255  255   15    0    0    0    0    0    0    0    0    0    0    0    0    0
  255  255    0    0    0    0    0    0    0    0    0    0    0    0    0    0
  255  255   15    0    0    0    0    0    0    0    0    0    0    0    0    0
  255  255   67    0    0    0    0    0    0    0    0    0    0    0    0    0
  255  255  159    0    0    0    0    0    0    0    0    0    0    0    0    0
  255  255  251   43    0    0    0    0    0    0    0    0    0    0    0    0
  255  255  255  215   23    0    0    0    0    0    0    0    0    0    0    0
  255  255  255  255  215    0    0    0    0    0    0    0    0    0    0    0

B_tif = insertShape(A_tif, 'circle', [10 10 5], 'LineWidth',6,'Color', 'black')
{Error using <a href="matlab:matlab.internal.language.introspective.errorDocCallback('coder.internal.errorIf', '/usr/local/toolbox/shared/coder/coder/+coder/+internal/errorIf.m', 9)" style="font-weight:bold">coder.internal.errorIf</a> (<a href="matlab: opentoline('/usr/local/toolbox/shared/coder/coder/+coder/+internal/errorIf.m',9,0)">line 9</a>)
Expected input to be a grayscale or truecolor (RGB) image.

Error in <a href="matlab:matlab.internal.language.introspective.errorDocCallback('insertShape>errIf0', '/usr/local/toolbox/vision/vision/insertShape.m', 791)" style="font-weight:bold">insertShape>errIf0</a> (<a href="matlab: opentoline('/usr/local/toolbox/vision/vision/insertShape.m',791,0)">line 791</a>)
coder.internal.errorIf(condition, msgID);

Error in <a href="matlab:matlab.internal.language.introspective.errorDocCallback('insertShape>checkImage', '/usr/local/toolbox/vision/vision/insertShape.m', 311)" style="font-weight:bold">insertShape>checkImage</a> (<a href="matlab: opentoline('/usr/local/toolbox/vision/vision/insertShape.m',311,0)">line 311</a>)
errIf0(errCond, 'vision:dims:imageNot2DorRGB');

Error in <a href="matlab:matlab.internal.language.introspective.errorDocCallback('insertShape>validateAndParseInputs', '/usr/local/toolbox/vision/vision/insertShape.m', 142)" style="font-weight:bold">insertShape>validateAndParseInputs</a> (<a href="matlab: opentoline('/usr/local/toolbox/vision/vision/insertShape.m',142,0)">line 142</a>)
checkImage(I);

Error in <a href="matlab:matlab.internal.language.introspective.errorDocCallback('insertShape', '/usr/local/toolbox/vision/vision/insertShape.m', 101)" style="font-weight:bold">insertShape</a> (<a href="matlab: opentoline('/usr/local/toolbox/vision/vision/insertShape.m',101,0)">line 101</a>)
[tmpRGB,shapeOut,fillShape,positionOut, ...
} 
B_tif = insertShape(A_tif(:,:,(1:3)), 'circle', [10 10 5], 'LineWidth',6,'Color', 'black')

B_tif(:,:,1) =

    0    0    0    0    0  255  255  255  255  255  255    0    0    0    0    0
    0    0    0    0    0  239  135   55   11    0   11    0    0    0    0    0
    0    0    0    0    0   15    0    0    0    0    0    0    0    0    0    0
    0    0    0    0    0    0    0    0    0    0    0    0    0    0    0    0
    0    0    0    0    0    0    0    0    0    0    0    0    0    0    0    0
    0    0    0    0    0    0    0    0    0    0    0    0    0    0    0    0
    0    0    0    0    0    0    0    0    0    0    0    0    0    0    0    0
    0    0    0    0    0    0    0   39  199  255  199    0    0    0    0    0
    0    0    0    0    0    0    0  199  255  255  255    0    0    0    0    0
    0    0    0    0    0    0    0  255  255  255  255    0    0    0    0    0
    0    0    0    0    0    0    0  199  255  255  255    0    0    0    0    0
    0    0    0    0    0    0    0   39  199  255  199    0    0    0    0    0
    0    0    0    0    0    0    0    0    0    0    0    0    0    0    0    0
    0    0    0    0    0    0    0    0    0    0    0    0    0    0    0    0
    0    0    0    0    0    0    0    0    0    0    0    0    0    0    0    0
    0    0    0    0    0    0    0    0    0    0    0    0    0    0    0    0


B_tif(:,:,2) =

    0    0    0    0    0    0    0    0    0    0    0  255  255  255  255  255
    0    0    0    0    0    0    0    0    0    0    0   55  135  239  255  255
    0    0    0    0    0    0    0    0    0    0    0    0    0   15  159  255
    0    0    0    0    0    0    0    0    0    0    0    0    0    0    0  111
    0    0    0    0    0    0    0    0    0    0    0    0    0    0    0    0
    0    0    0    0    0    0    0    0    0    0    0    0    0    0    0    0
    0    0    0    0    0    0    0    0    0    0    0    0    0    0    0    0
    0    0    0    0    0    0    0    0    0    0    0   39    0    0    0    0
    0    0    0    0    0    0    0    0    0    0    0  199    0    0    0    0
    0    0    0    0    0    0    0    0    0    0    0  255    0    0    0    0
    0    0    0    0    0    0    0    0    0    0    0  199    0    0    0    0
    0    0    0    0    0    0    0    0    0    0    0   39    0    0    0    0
    0    0    0    0    0    0    0    0    0    0    0    0    0    0    0    0
    0    0    0    0    0    0    0    0    0    0    0    0    0    0    0    0
    0    0    0    0    0    0    0    0    0    0    0    0    0    0    0    0
    0    0    0    0    0    0    0    0    0    0    0    0    0    0    0  111


B_tif(:,:,3) =

  255  255  255  255  255    0    0    0    0    0    0    0    0    0    0    0
  255  255  255  255  255    0    0    0    0    0    0    0    0    0    0    0
  255  255  255  255  159    0    0    0    0    0    0    0    0    0    0    0
  255  255  255  111    0    0    0    0    0    0    0    0    0    0    0    0
  255  255  159    0    0    0    0    0    0    0    0    0    0    0    0    0
  255  239   15    0    0    0    0    0    0    0    0    0    0    0    0    0
  255  135    0    0    0    0    0    0    0    0    0    0    0    0    0    0
  255   55    0    0    0    0    0    0    0    0    0    0    0    0    0    0
  255   11    0    0    0    0    0    0    0    0    0    0    0    0    0    0
  255    0    0    0    0    0    0    0    0    0    0    0    0    0    0    0
  255   11    0    0    0    0    0    0    0    0    0    0    0    0    0    0
  255   55    0    0    0    0    0    0    0    0    0    0    0    0    0    0
  255  135    0    0    0    0    0    0    0    0    0    0    0    0    0    0
  255  239   15    0    0    0    0    0    0    0    0    0    0    0    0    0
  255  255  159    0    0    0    0    0    0    0    0    0    0    0    0    0
  255  255  255  111    0    0    0    0    0    0    0    0    0    0    0    0

B_png = insertShape(A_png, 'circle', [10 10 5], 'LineWidth',8,'Color', 'black')

B_png(:,:,1) =

    0    0    0    0    0  219  123   51   11    0   11    0    0    0    0    0
    0    0    0    0    0    3    0    0    0    0    0    0    0    0    0    0
    0    0    0    0    0    0    0    0    0    0    0    0    0    0    0    0
    0    0    0    0    0    0    0    0    0    0    0    0    0    0    0    0
    0    0    0    0    0    0    0    0    0    0    0    0    0    0    0    0
    0    0    0    0    0    0    0    0    0    0    0    0    0    0    0    0
    0    0    0    0    0    0    0    0    0    0    0    0    0    0    0    0
    0    0    0    0    0    0    0    0    0    0    0    0    0    0    0    0
    0    0    0    0    0    0    0    0  135  255  135    0    0    0    0    0
    0    0    0    0    0    0    0    0  255  255  255    0    0    0    0    0
    0    0    0    0    0    0    0    0  135  255  135    0    0    0    0    0
    0    0    0    0    0    0    0    0    0    0    0    0    0    0    0    0
    0    0    0    0    0    0    0    0    0    0    0    0    0    0    0    0
    0    0    0    0    0    0    0    0    0    0    0    0    0    0    0    0
    0    0    0    0    0    0    0    0    0    0    0    0    0    0    0    0
    0    0    0    0    0    0    0    0    0    0    0    0    0    0    0    0


B_png(:,:,2) =

    0    0    0    0    0    0    0    0    0    0    0   51  123  219  255  255
    0    0    0    0    0    0    0    0    0    0    0    0    0    3  107  243
    0    0    0    0    0    0    0    0    0    0    0    0    0    0    0   43
    0    0    0    0    0    0    0    0    0    0    0    0    0    0    0    0
    0    0    0    0    0    0    0    0    0    0    0    0    0    0    0    0
    0    0    0    0    0    0    0    0    0    0    0    0    0    0    0    0
    0    0    0    0    0    0    0    0    0    0    0    0    0    0    0    0
    0    0    0    0    0    0    0    0    0    0    0    0    0    0    0    0
    0    0    0    0    0    0    0    0    0    0    0    0    0    0    0    0
    0    0    0    0    0    0    0    0    0    0    0    0    0    0    0    0
    0    0    0    0    0    0    0    0    0    0    0    0    0    0    0    0
    0    0    0    0    0    0    0    0    0    0    0    0    0    0    0    0
    0    0    0    0    0    0    0    0    0    0    0    0    0    0    0    0
    0    0    0    0    0    0    0    0    0    0    0    0    0    0    0    0
    0    0    0    0    0    0    0    0    0    0    0    0    0    0    0    0
    0    0    0    0    0    0    0    0    0    0    0    0    0    0    0    0


B_png(:,:,3) =

  255  255  255  255  255    0    0    0    0    0    0    0    0    0    0    0
  255  255  255  243  107    0    0    0    0    0    0    0    0    0    0    0
  255  255  231   43    0    0    0    0    0    0    0    0    0    0    0    0
  255  243   43    0    0    0    0    0    0    0    0    0    0    0    0    0
  255  107    0    0    0    0    0    0    0    0    0    0    0    0    0    0
  219    3    0    0    0    0    0    0    0    0    0    0    0    0    0    0
  123    0    0    0    0    0    0    0    0    0    0    0    0    0    0    0
   51    0    0    0    0    0    0    0    0    0    0    0    0    0    0    0
   11    0    0    0    0    0    0    0    0    0    0    0    0    0    0    0
    0    0    0    0    0    0    0    0    0    0    0    0    0    0    0    0
   11    0    0    0    0    0    0    0    0    0    0    0    0    0    0    0
   51    0    0    0    0    0    0    0    0    0    0    0    0    0    0    0
  123    0    0    0    0    0    0    0    0    0    0    0    0    0    0    0
  219    3    0    0    0    0    0    0    0    0    0    0    0    0    0    0
  255  107    0    0    0    0    0    0    0    0    0    0    0    0    0    0
  255  243   43    0    0    0    0    0    0    0    0    0    0    0    0    0

diary off
