 ans  =
 
    2.  
 
-->A = imread('images/color.jpeg');
 
-->imwrite('A.jpeg',A)
API Error:
	in getListItemAddress: Unable to get address of item #2 in argument #1
	in getListItemNumber: Invalid argument type, list expected
API Error:
	in getMatrixOfString: Invalid argument type, string matrix expected
 ans  =
 
 
       ans(1)
 
    3    3    3    3    3    3    3    3    3    3    3    3    3    3    3    3  
    1    1    1    1    1    1    1    1    1    1    1    1    1    1    1    1  
    2    2    2    2    2    2    2    2    2    2    2    2    2    2    2    2  
   26   26   26   26   26   26   26   26   26   26   26   26   26   26   26   26  
   74   74   74   74   74   74   74   74   74   74   74   74   74   74   74   74  
  174  174  174  174  174  174  174  174  174  174  174  174  174  174  174  174  
  227  227  227  227  227  227  227  227  227  227  227  227  227  227  227  227  
  252  252  252  252  252  252  252  252  252  252  252  252  252  252  252  252  
  253  253  253  253  253  253  253  253  253  253  253  253  253  253  253  253  
  217  217  217  217  217  217  217  217  217  217  217  217  217  217  217  217  
  130  130  130  130  130  130  130  130  130  130  130  130  130  130  130  130  
  126  126  126  126  126  126  126  126  126  126  126  126  126  126  126  126  
   37   37   37   37   37   37   37   37   37   37   37   37   37   37   37   37  
    0    0    0    0    0    0    0    0    0    0    0    0    0    0    0    0  
    1    1    1    1    1    1    1    1    1    1    1    1    1    1    1    1  
    3    3    3    3    3    3    3    3    3    3    3    3    3    3    3    3  
 
       ans(2)
 
    0    0    0    0    0    0    0    0    0    0    0    0    0    0    0    0  
    0    0    0    0    0    0    0    0    0    0    0    0    0    0    0    0  
    1    1    1    1    1    1    1    1    1    1    1    1    1    1    1    1  
    0    0    0    0    0    0    0    0    0    0    0    0    0    0    0    0  
    0    0    0    0    0    0    0    0    0    0    0    0    0    0    0    0  
   21   21   21   21   21   21   21   21   21   21   21   21   21   21   21   21  
    7    7    7    7    7    7    7    7    7    7    7    7    7    7    7    7  
    0    0    0    0    0    0    0    0    0    0    0    0    0    0    0    0  
    0    0    0    0    0    0    0    0    0    0    0    0    0    0    0    0  
   27   27   27   27   27   27   27   27   27   27   27   27   27   27   27   27  
   60   60   60   60   60   60   60   60   60   60   60   60   60   60   60   60  
  187  187  187  187  187  187  187  187  187  187  187  187  187  187  187  187  
  234  234  234  234  234  234  234  234  234  234  234  234  234  234  234  234  
  255  255  255  255  255  255  255  255  255  255  255  255  255  255  255  255  
  254  254  254  254  254  254  254  254  254  254  254  254  254  254  254  254  
  251  251  251  251  251  251  251  251  251  251  251  251  251  251  251  251  
 
       ans(3)
 
  255  255  255  255  255  255  255  255  255  255  255  255  255  255  255  255  
  252  252  252  252  252  252  252  252  252  252  252  252  252  252  252  252  
  253  253  253  253  253  253  253  253  253  253  253  253  253  253  253  253  
  213  213  213  213  213  213  213  213  213  213  213  213  213  213  213  213  
  137  137  137  137  137  137  137  137  137  137  137  137  137  137  137  137  
  111  111  111  111  111  111  111  111  111  111  111  111  111  111  111  111  
   42   42   42   42   42   42   42   42   42   42   42   42   42   42   42   42  
    2    2    2    2    2    2    2    2    2    2    2    2    2    2    2    2  
    0    0    0    0    0    0    0    0    0    0    0    0    0    0    0    0  
    0    0    0    0    0    0    0    0    0    0    0    0    0    0    0    0  
    0    0    0    0    0    0    0    0    0    0    0    0    0    0    0    0  
   32   32   32   32   32   32   32   32   32   32   32   32   32   32   32   32  
    5    5    5    5    5    5    5    5    5    5    5    5    5    5    5    5  
    0    0    0    0    0    0    0    0    0    0    0    0    0    0    0    0  
    5    5    5    5    5    5    5    5    5    5    5    5    5    5    5    5  
    7    7    7    7    7    7    7    7    7    7    7    7    7    7    7    7  
 
Warning: stack problem..., cleared.

-->imwrite('A.png',A)
API Error:
	in getListItemAddress: Unable to get address of item #2 in argument #1
	in getListItemNumber: Invalid argument type, list expected
API Error:
	in getMatrixOfString: Invalid argument type, string matrix expected
 ans  =
 
 
       ans(1)
 
    3    3    3    3    3    3    3    3    3    3    3    3    3    3    3    3  
    1    1    1    1    1    1    1    1    1    1    1    1    1    1    1    1  
    2    2    2    2    2    2    2    2    2    2    2    2    2    2    2    2  
   26   26   26   26   26   26   26   26   26   26   26   26   26   26   26   26  
   74   74   74   74   74   74   74   74   74   74   74   74   74   74   74   74  
  174  174  174  174  174  174  174  174  174  174  174  174  174  174  174  174  
  227  227  227  227  227  227  227  227  227  227  227  227  227  227  227  227  
  252  252  252  252  252  252  252  252  252  252  252  252  252  252  252  252  
  253  253  253  253  253  253  253  253  253  253  253  253  253  253  253  253  
  217  217  217  217  217  217  217  217  217  217  217  217  217  217  217  217  
  130  130  130  130  130  130  130  130  130  130  130  130  130  130  130  130  
  126  126  126  126  126  126  126  126  126  126  126  126  126  126  126  126  
   37   37   37   37   37   37   37   37   37   37   37   37   37   37   37   37  
    0    0    0    0    0    0    0    0    0    0    0    0    0    0    0    0  
    1    1    1    1    1    1    1    1    1    1    1    1    1    1    1    1  
    3    3    3    3    3    3    3    3    3    3    3    3    3    3    3    3  
 
       ans(2)
 
    0    0    0    0    0    0    0    0    0    0    0    0    0    0    0    0  
    0    0    0    0    0    0    0    0    0    0    0    0    0    0    0    0  
    1    1    1    1    1    1    1    1    1    1    1    1    1    1    1    1  
    0    0    0    0    0    0    0    0    0    0    0    0    0    0    0    0  
    0    0    0    0    0    0    0    0    0    0    0    0    0    0    0    0  
   21   21   21   21   21   21   21   21   21   21   21   21   21   21   21   21  
    7    7    7    7    7    7    7    7    7    7    7    7    7    7    7    7  
    0    0    0    0    0    0    0    0    0    0    0    0    0    0    0    0  
    0    0    0    0    0    0    0    0    0    0    0    0    0    0    0    0  
   27   27   27   27   27   27   27   27   27   27   27   27   27   27   27   27  
   60   60   60   60   60   60   60   60   60   60   60   60   60   60   60   60  
  187  187  187  187  187  187  187  187  187  187  187  187  187  187  187  187  
  234  234  234  234  234  234  234  234  234  234  234  234  234  234  234  234  
  255  255  255  255  255  255  255  255  255  255  255  255  255  255  255  255  
  254  254  254  254  254  254  254  254  254  254  254  254  254  254  254  254  
  251  251  251  251  251  251  251  251  251  251  251  251  251  251  251  251  
 
       ans(3)
 
  255  255  255  255  255  255  255  255  255  255  255  255  255  255  255  255  
  252  252  252  252  252  252  252  252  252  252  252  252  252  252  252  252  
  253  253  253  253  253  253  253  253  253  253  253  253  253  253  253  253  
  213  213  213  213  213  213  213  213  213  213  213  213  213  213  213  213  
  137  137  137  137  137  137  137  137  137  137  137  137  137  137  137  137  
  111  111  111  111  111  111  111  111  111  111  111  111  111  111  111  111  
   42   42   42   42   42   42   42   42   42   42   42   42   42   42   42   42  
    2    2    2    2    2    2    2    2    2    2    2    2    2    2    2    2  
    0    0    0    0    0    0    0    0    0    0    0    0    0    0    0    0  
    0    0    0    0    0    0    0    0    0    0    0    0    0    0    0    0  
    0    0    0    0    0    0    0    0    0    0    0    0    0    0    0    0  
   32   32   32   32   32   32   32   32   32   32   32   32   32   32   32   32  
    5    5    5    5    5    5    5    5    5    5    5    5    5    5    5    5  
    0    0    0    0    0    0    0    0    0    0    0    0    0    0    0    0  
    5    5    5    5    5    5    5    5    5    5    5    5    5    5    5    5  
    7    7    7    7    7    7    7    7    7    7    7    7    7    7    7    7  
 
Warning: stack problem..., cleared.

-->imwrite(A,'A.jpeg')
 ans  =
 
 A.jpeg   
 
Warning: stack problem..., cleared.

-->imwrite(A,'A.png')
 ans  =
 
 A.png   
 
Warning: stack problem..., cleared.

-->imwrite(A,'A.bmp')
 ans  =
 
 A.bmp   
 
Warning: stack problem..., cleared.

-->imwrite(A,'A.tif')
 ans  =
 
 A.tif   
 
Warning: stack problem..., cleared.

-->diary('Scilab_imwrite_new','close')
