 ans  =
 
    2.  
 
-->imread('A.jpeg')
 ans  =
 
 
       ans(1)
 
    2    2    2    2    2    2    2    2    2    2    2    2    2    2    2    2  
    4    4    4    4    4    4    4    4    4    4    4    4    4    4    4    4  
   11   11   11   11   11   11   11   11   11   11   11   11   11   11   11   11  
   36   36   36   36   36   36   36   36   36   36   36   36   36   36   36   36  
   82   82   82   82   82   82   82   82   82   82   82   82   82   82   82   82  
  167  167  167  167  167  167  167  167  167  167  167  167  167  167  167  167  
  217  217  217  217  217  217  217  217  217  217  217  217  217  217  217  217  
  239  239  239  239  239  239  239  239  239  239  239  239  239  239  239  239  
  234  234  234  234  234  234  234  234  234  234  234  234  234  234  234  234  
  202  202  202  202  202  202  202  202  202  202  202  202  202  202  202  202  
  125  125  125  125  125  125  125  125  125  125  125  125  125  125  125  125  
  131  131  131  131  131  131  131  131  131  131  131  131  131  131  131  131  
   55   55   55   55   55   55   55   55   55   55   55   55   55   55   55   55  
   15   15   15   15   15   15   15   15   15   15   15   15   15   15   15   15  
    7    7    7    7    7    7    7    7    7    7    7    7    7    7    7    7  
    2    2    2    2    2    2    2    2    2    2    2    2    2    2    2    2  
 
       ans(2)
 
    1    1    1    1    1    1    1    1    1    1    1    1    1    1    1    1  
    0    0    0    0    0    0    0    0    0    0    0    0    0    0    0    0  
    0    0    0    0    0    0    0    0    0    0    0    0    0    0    0    0  
    0    0    0    0    0    0    0    0    0    0    0    0    0    0    0    0  
    0    0    0    0    0    0    0    0    0    0    0    0    0    0    0    0  
   24   24   24   24   24   24   24   24   24   24   24   24   24   24   24   24  
   11   11   11   11   11   11   11   11   11   11   11   11   11   11   11   11  
    6    6    6    6    6    6    6    6    6    6    6    6    6    6    6    6  
   10   10   10   10   10   10   10   10   10   10   10   10   10   10   10   10  
   36   36   36   36   36   36   36   36   36   36   36   36   36   36   36   36  
   64   64   64   64   64   64   64   64   64   64   64   64   64   64   64   64  
  182  182  182  182  182  182  182  182  182  182  182  182  182  182  182  182  
  223  223  223  223  223  223  223  223  223  223  223  223  223  223  223  223  
  247  247  247  247  247  247  247  247  247  247  247  247  247  247  247  247  
  251  251  251  251  251  251  251  251  251  251  251  251  251  251  251  251  
  252  252  252  252  252  252  252  252  252  252  252  252  252  252  252  252  
 
       ans(3)
 
  252  252  252  252  252  252  252  252  252  252  252  252  252  252  252  252  
  245  245  245  245  245  245  245  245  245  245  245  245  245  245  245  245  
  238  238  238  238  238  238  238  238  238  238  238  238  238  238  238  238  
  200  200  200  200  200  200  200  200  200  200  200  200  200  200  200  200  
  138  138  138  138  138  138  138  138  138  138  138  138  138  138  138  138  
  112  112  112  112  112  112  112  112  112  112  112  112  112  112  112  112  
   50   50   50   50   50   50   50   50   50   50   50   50   50   50   50   50  
   12   12   12   12   12   12   12   12   12   12   12   12   12   12   12   12  
    2    2    2    2    2    2    2    2    2    2    2    2    2    2    2    2  
    0    0    0    0    0    0    0    0    0    0    0    0    0    0    0    0  
    0    0    0    0    0    0    0    0    0    0    0    0    0    0    0    0  
   43   43   43   43   43   43   43   43   43   43   43   43   43   43   43   43  
   16   16   16   16   16   16   16   16   16   16   16   16   16   16   16   16  
    5    5    5    5    5    5    5    5    5    5    5    5    5    5    5    5  
    5    5    5    5    5    5    5    5    5    5    5    5    5    5    5    5  
    4    4    4    4    4    4    4    4    4    4    4    4    4    4    4    4  
 
-->Ajpeg = imread('A.jpeg')
 Ajpeg  =
 
 
       Ajpeg(1)
 
    2    2    2    2    2    2    2    2    2    2    2    2    2    2    2    2  
    4    4    4    4    4    4    4    4    4    4    4    4    4    4    4    4  
   11   11   11   11   11   11   11   11   11   11   11   11   11   11   11   11  
   36   36   36   36   36   36   36   36   36   36   36   36   36   36   36   36  
   82   82   82   82   82   82   82   82   82   82   82   82   82   82   82   82  
  167  167  167  167  167  167  167  167  167  167  167  167  167  167  167  167  
  217  217  217  217  217  217  217  217  217  217  217  217  217  217  217  217  
  239  239  239  239  239  239  239  239  239  239  239  239  239  239  239  239  
  234  234  234  234  234  234  234  234  234  234  234  234  234  234  234  234  
  202  202  202  202  202  202  202  202  202  202  202  202  202  202  202  202  
  125  125  125  125  125  125  125  125  125  125  125  125  125  125  125  125  
  131  131  131  131  131  131  131  131  131  131  131  131  131  131  131  131  
   55   55   55   55   55   55   55   55   55   55   55   55   55   55   55   55  
   15   15   15   15   15   15   15   15   15   15   15   15   15   15   15   15  
    7    7    7    7    7    7    7    7    7    7    7    7    7    7    7    7  
    2    2    2    2    2    2    2    2    2    2    2    2    2    2    2    2  
 
       Ajpeg(2)
 
    1    1    1    1    1    1    1    1    1    1    1    1    1    1    1    1  
    0    0    0    0    0    0    0    0    0    0    0    0    0    0    0    0  
    0    0    0    0    0    0    0    0    0    0    0    0    0    0    0    0  
    0    0    0    0    0    0    0    0    0    0    0    0    0    0    0    0  
    0    0    0    0    0    0    0    0    0    0    0    0    0    0    0    0  
   24   24   24   24   24   24   24   24   24   24   24   24   24   24   24   24  
   11   11   11   11   11   11   11   11   11   11   11   11   11   11   11   11  
    6    6    6    6    6    6    6    6    6    6    6    6    6    6    6    6  
   10   10   10   10   10   10   10   10   10   10   10   10   10   10   10   10  
   36   36   36   36   36   36   36   36   36   36   36   36   36   36   36   36  
   64   64   64   64   64   64   64   64   64   64   64   64   64   64   64   64  
  182  182  182  182  182  182  182  182  182  182  182  182  182  182  182  182  
  223  223  223  223  223  223  223  223  223  223  223  223  223  223  223  223  
  247  247  247  247  247  247  247  247  247  247  247  247  247  247  247  247  
  251  251  251  251  251  251  251  251  251  251  251  251  251  251  251  251  
  252  252  252  252  252  252  252  252  252  252  252  252  252  252  252  252  
 
       Ajpeg(3)
 
  252  252  252  252  252  252  252  252  252  252  252  252  252  252  252  252  
  245  245  245  245  245  245  245  245  245  245  245  245  245  245  245  245  
  238  238  238  238  238  238  238  238  238  238  238  238  238  238  238  238  
  200  200  200  200  200  200  200  200  200  200  200  200  200  200  200  200  
  138  138  138  138  138  138  138  138  138  138  138  138  138  138  138  138  
  112  112  112  112  112  112  112  112  112  112  112  112  112  112  112  112  
   50   50   50   50   50   50   50   50   50   50   50   50   50   50   50   50  
   12   12   12   12   12   12   12   12   12   12   12   12   12   12   12   12  
    2    2    2    2    2    2    2    2    2    2    2    2    2    2    2    2  
    0    0    0    0    0    0    0    0    0    0    0    0    0    0    0    0  
    0    0    0    0    0    0    0    0    0    0    0    0    0    0    0    0  
   43   43   43   43   43   43   43   43   43   43   43   43   43   43   43   43  
   16   16   16   16   16   16   16   16   16   16   16   16   16   16   16   16  
    5    5    5    5    5    5    5    5    5    5    5    5    5    5    5    5  
    5    5    5    5    5    5    5    5    5    5    5    5    5    5    5    5  
    4    4    4    4    4    4    4    4    4    4    4    4    4    4    4    4  
 
-->Apng = imread('A.png')
 Apng  =
 
 
       Apng(1)
 
    3    3    3    3    3    3    3    3    3    3    3    3    3    3    3    3  
    1    1    1    1    1    1    1    1    1    1    1    1    1    1    1    1  
    2    2    2    2    2    2    2    2    2    2    2    2    2    2    2    2  
   26   26   26   26   26   26   26   26   26   26   26   26   26   26   26   26  
   74   74   74   74   74   74   74   74   74   74   74   74   74   74   74   74  
  174  174  174  174  174  174  174  174  174  174  174  174  174  174  174  174  
  227  227  227  227  227  227  227  227  227  227  227  227  227  227  227  227  
  252  252  252  252  252  252  252  252  252  252  252  252  252  252  252  252  
  253  253  253  253  253  253  253  253  253  253  253  253  253  253  253  253  
  217  217  217  217  217  217  217  217  217  217  217  217  217  217  217  217  
  130  130  130  130  130  130  130  130  130  130  130  130  130  130  130  130  
  126  126  126  126  126  126  126  126  126  126  126  126  126  126  126  126  
   37   37   37   37   37   37   37   37   37   37   37   37   37   37   37   37  
    0    0    0    0    0    0    0    0    0    0    0    0    0    0    0    0  
    1    1    1    1    1    1    1    1    1    1    1    1    1    1    1    1  
    3    3    3    3    3    3    3    3    3    3    3    3    3    3    3    3  
 
       Apng(2)
 
    0    0    0    0    0    0    0    0    0    0    0    0    0    0    0    0  
    0    0    0    0    0    0    0    0    0    0    0    0    0    0    0    0  
    1    1    1    1    1    1    1    1    1    1    1    1    1    1    1    1  
    0    0    0    0    0    0    0    0    0    0    0    0    0    0    0    0  
    0    0    0    0    0    0    0    0    0    0    0    0    0    0    0    0  
   21   21   21   21   21   21   21   21   21   21   21   21   21   21   21   21  
    7    7    7    7    7    7    7    7    7    7    7    7    7    7    7    7  
    0    0    0    0    0    0    0    0    0    0    0    0    0    0    0    0  
    0    0    0    0    0    0    0    0    0    0    0    0    0    0    0    0  
   27   27   27   27   27   27   27   27   27   27   27   27   27   27   27   27  
   60   60   60   60   60   60   60   60   60   60   60   60   60   60   60   60  
  187  187  187  187  187  187  187  187  187  187  187  187  187  187  187  187  
  234  234  234  234  234  234  234  234  234  234  234  234  234  234  234  234  
  255  255  255  255  255  255  255  255  255  255  255  255  255  255  255  255  
  254  254  254  254  254  254  254  254  254  254  254  254  254  254  254  254  
  251  251  251  251  251  251  251  251  251  251  251  251  251  251  251  251  
 
       Apng(3)
 
  255  255  255  255  255  255  255  255  255  255  255  255  255  255  255  255  
  252  252  252  252  252  252  252  252  252  252  252  252  252  252  252  252  
  253  253  253  253  253  253  253  253  253  253  253  253  253  253  253  253  
  213  213  213  213  213  213  213  213  213  213  213  213  213  213  213  213  
  137  137  137  137  137  137  137  137  137  137  137  137  137  137  137  137  
  111  111  111  111  111  111  111  111  111  111  111  111  111  111  111  111  
   42   42   42   42   42   42   42   42   42   42   42   42   42   42   42   42  
    2    2    2    2    2    2    2    2    2    2    2    2    2    2    2    2  
    0    0    0    0    0    0    0    0    0    0    0    0    0    0    0    0  
    0    0    0    0    0    0    0    0    0    0    0    0    0    0    0    0  
    0    0    0    0    0    0    0    0    0    0    0    0    0    0    0    0  
   32   32   32   32   32   32   32   32   32   32   32   32   32   32   32   32  
    5    5    5    5    5    5    5    5    5    5    5    5    5    5    5    5  
    0    0    0    0    0    0    0    0    0    0    0    0    0    0    0    0  
    5    5    5    5    5    5    5    5    5    5    5    5    5    5    5    5  
    7    7    7    7    7    7    7    7    7    7    7    7    7    7    7    7  
 
-->Abmp = imread('A.bmp')
 Abmp  =
 
 
       Abmp(1)
 
    3    3    3    3    3    3    3    3    3    3    3    3    3    3    3    3  
    1    1    1    1    1    1    1    1    1    1    1    1    1    1    1    1  
    2    2    2    2    2    2    2    2    2    2    2    2    2    2    2    2  
   26   26   26   26   26   26   26   26   26   26   26   26   26   26   26   26  
   74   74   74   74   74   74   74   74   74   74   74   74   74   74   74   74  
  174  174  174  174  174  174  174  174  174  174  174  174  174  174  174  174  
  227  227  227  227  227  227  227  227  227  227  227  227  227  227  227  227  
  252  252  252  252  252  252  252  252  252  252  252  252  252  252  252  252  
  253  253  253  253  253  253  253  253  253  253  253  253  253  253  253  253  
  217  217  217  217  217  217  217  217  217  217  217  217  217  217  217  217  
  130  130  130  130  130  130  130  130  130  130  130  130  130  130  130  130  
  126  126  126  126  126  126  126  126  126  126  126  126  126  126  126  126  
   37   37   37   37   37   37   37   37   37   37   37   37   37   37   37   37  
    0    0    0    0    0    0    0    0    0    0    0    0    0    0    0    0  
    1    1    1    1    1    1    1    1    1    1    1    1    1    1    1    1  
    3    3    3    3    3    3    3    3    3    3    3    3    3    3    3    3  
 
       Abmp(2)
 
    0    0    0    0    0    0    0    0    0    0    0    0    0    0    0    0  
    0    0    0    0    0    0    0    0    0    0    0    0    0    0    0    0  
    1    1    1    1    1    1    1    1    1    1    1    1    1    1    1    1  
    0    0    0    0    0    0    0    0    0    0    0    0    0    0    0    0  
    0    0    0    0    0    0    0    0    0    0    0    0    0    0    0    0  
   21   21   21   21   21   21   21   21   21   21   21   21   21   21   21   21  
    7    7    7    7    7    7    7    7    7    7    7    7    7    7    7    7  
    0    0    0    0    0    0    0    0    0    0    0    0    0    0    0    0  
    0    0    0    0    0    0    0    0    0    0    0    0    0    0    0    0  
   27   27   27   27   27   27   27   27   27   27   27   27   27   27   27   27  
   60   60   60   60   60   60   60   60   60   60   60   60   60   60   60   60  
  187  187  187  187  187  187  187  187  187  187  187  187  187  187  187  187  
  234  234  234  234  234  234  234  234  234  234  234  234  234  234  234  234  
  255  255  255  255  255  255  255  255  255  255  255  255  255  255  255  255  
  254  254  254  254  254  254  254  254  254  254  254  254  254  254  254  254  
  251  251  251  251  251  251  251  251  251  251  251  251  251  251  251  251  
 
       Abmp(3)
 
  255  255  255  255  255  255  255  255  255  255  255  255  255  255  255  255  
  252  252  252  252  252  252  252  252  252  252  252  252  252  252  252  252  
  253  253  253  253  253  253  253  253  253  253  253  253  253  253  253  253  
  213  213  213  213  213  213  213  213  213  213  213  213  213  213  213  213  
  137  137  137  137  137  137  137  137  137  137  137  137  137  137  137  137  
  111  111  111  111  111  111  111  111  111  111  111  111  111  111  111  111  
   42   42   42   42   42   42   42   42   42   42   42   42   42   42   42   42  
    2    2    2    2    2    2    2    2    2    2    2    2    2    2    2    2  
    0    0    0    0    0    0    0    0    0    0    0    0    0    0    0    0  
    0    0    0    0    0    0    0    0    0    0    0    0    0    0    0    0  
    0    0    0    0    0    0    0    0    0    0    0    0    0    0    0    0  
   32   32   32   32   32   32   32   32   32   32   32   32   32   32   32   32  
    5    5    5    5    5    5    5    5    5    5    5    5    5    5    5    5  
    0    0    0    0    0    0    0    0    0    0    0    0    0    0    0    0  
    5    5    5    5    5    5    5    5    5    5    5    5    5    5    5    5  
    7    7    7    7    7    7    7    7    7    7    7    7    7    7    7    7  
 
-->Atif = imread('A.tif')
 Atif  =
 
 
       Atif(1)
 
    3    3    3    3    3    3    3    3    3    3    3    3    3    3    3    3  
    1    1    1    1    1    1    1    1    1    1    1    1    1    1    1    1  
    2    2    2    2    2    2    2    2    2    2    2    2    2    2    2    2  
   26   26   26   26   26   26   26   26   26   26   26   26   26   26   26   26  
   74   74   74   74   74   74   74   74   74   74   74   74   74   74   74   74  
  174  174  174  174  174  174  174  174  174  174  174  174  174  174  174  174  
  227  227  227  227  227  227  227  227  227  227  227  227  227  227  227  227  
  252  252  252  252  252  252  252  252  252  252  252  252  252  252  252  252  
  253  253  253  253  253  253  253  253  253  253  253  253  253  253  253  253  
  217  217  217  217  217  217  217  217  217  217  217  217  217  217  217  217  
  130  130  130  130  130  130  130  130  130  130  130  130  130  130  130  130  
  126  126  126  126  126  126  126  126  126  126  126  126  126  126  126  126  
   37   37   37   37   37   37   37   37   37   37   37   37   37   37   37   37  
    0    0    0    0    0    0    0    0    0    0    0    0    0    0    0    0  
    1    1    1    1    1    1    1    1    1    1    1    1    1    1    1    1  
    3    3    3    3    3    3    3    3    3    3    3    3    3    3    3    3  
 
       Atif(2)
 
    0    0    0    0    0    0    0    0    0    0    0    0    0    0    0    0  
    0    0    0    0    0    0    0    0    0    0    0    0    0    0    0    0  
    1    1    1    1    1    1    1    1    1    1    1    1    1    1    1    1  
    0    0    0    0    0    0    0    0    0    0    0    0    0    0    0    0  
    0    0    0    0    0    0    0    0    0    0    0    0    0    0    0    0  
   21   21   21   21   21   21   21   21   21   21   21   21   21   21   21   21  
    7    7    7    7    7    7    7    7    7    7    7    7    7    7    7    7  
    0    0    0    0    0    0    0    0    0    0    0    0    0    0    0    0  
    0    0    0    0    0    0    0    0    0    0    0    0    0    0    0    0  
   27   27   27   27   27   27   27   27   27   27   27   27   27   27   27   27  
   60   60   60   60   60   60   60   60   60   60   60   60   60   60   60   60  
  187  187  187  187  187  187  187  187  187  187  187  187  187  187  187  187  
  234  234  234  234  234  234  234  234  234  234  234  234  234  234  234  234  
  255  255  255  255  255  255  255  255  255  255  255  255  255  255  255  255  
  254  254  254  254  254  254  254  254  254  254  254  254  254  254  254  254  
  251  251  251  251  251  251  251  251  251  251  251  251  251  251  251  251  
 
       Atif(3)
 
  255  255  255  255  255  255  255  255  255  255  255  255  255  255  255  255  
  252  252  252  252  252  252  252  252  252  252  252  252  252  252  252  252  
  253  253  253  253  253  253  253  253  253  253  253  253  253  253  253  253  
  213  213  213  213  213  213  213  213  213  213  213  213  213  213  213  213  
  137  137  137  137  137  137  137  137  137  137  137  137  137  137  137  137  
  111  111  111  111  111  111  111  111  111  111  111  111  111  111  111  111  
   42   42   42   42   42   42   42   42   42   42   42   42   42   42   42   42  
    2    2    2    2    2    2    2    2    2    2    2    2    2    2    2    2  
    0    0    0    0    0    0    0    0    0    0    0    0    0    0    0    0  
    0    0    0    0    0    0    0    0    0    0    0    0    0    0    0    0  
    0    0    0    0    0    0    0    0    0    0    0    0    0    0    0    0  
   32   32   32   32   32   32   32   32   32   32   32   32   32   32   32   32  
    5    5    5    5    5    5    5    5    5    5    5    5    5    5    5    5  
    0    0    0    0    0    0    0    0    0    0    0    0    0    0    0    0  
    5    5    5    5    5    5    5    5    5    5    5    5    5    5    5    5  
    7    7    7    7    7    7    7    7    7    7    7    7    7    7    7    7  
 
-->diary('Scilab_reading_imwrite.txt','close')
