 ans  =
 
    1.  
 
-->B_jpeg=cvtColor(A_jpeg,"CV_GRAY2RGB",0)
 B_jpeg  =
 
 
       B_jpeg(1)
 
   30   30   30   30   30   30   30   30   30   30   30   30   30   30   30   30  
   29   29   29   29   29   29   29   29   29   29   29   29   29   29   29   29  
   29   29   29   29   29   29   29   29   29   29   29   29   29   29   29   29  
   32   32   32   32   32   32   32   32   32   32   32   32   32   32   32   32  
   37   37   37   37   37   37   37   37   37   37   37   37   37   37   37   37  
   77   77   77   77   77   77   77   77   77   77   77   77   77   77   77   77  
   77   77   77   77   77   77   77   77   77   77   77   77   77   77   77   77  
   76   76   76   76   76   76   76   76   76   76   76   76   76   76   76   76  
   76   76   76   76   76   76   76   76   76   76   76   76   76   76   76   76  
   81   81   81   81   81   81   81   81   81   81   81   81   81   81   81   81  
   73   73   73   73   73   73   73   73   73   73   73   73   73   73   73   73  
  151  151  151  151  151  151  151  151  151  151  151  151  151  151  151  151  
  149  149  149  149  149  149  149  149  149  149  149  149  149  149  149  149  
  150  150  150  150  150  150  150  150  150  150  150  150  150  150  150  150  
  150  150  150  150  150  150  150  150  150  150  150  150  150  150  150  150  
  149  149  149  149  149  149  149  149  149  149  149  149  149  149  149  149  
 
       B_jpeg(2)
 
   30   30   30   30   30   30   30   30   30   30   30   30   30   30   30   30  
   29   29   29   29   29   29   29   29   29   29   29   29   29   29   29   29  
   29   29   29   29   29   29   29   29   29   29   29   29   29   29   29   29  
   32   32   32   32   32   32   32   32   32   32   32   32   32   32   32   32  
   37   37   37   37   37   37   37   37   37   37   37   37   37   37   37   37  
   77   77   77   77   77   77   77   77   77   77   77   77   77   77   77   77  
   77   77   77   77   77   77   77   77   77   77   77   77   77   77   77   77  
   76   76   76   76   76   76   76   76   76   76   76   76   76   76   76   76  
   76   76   76   76   76   76   76   76   76   76   76   76   76   76   76   76  
   81   81   81   81   81   81   81   81   81   81   81   81   81   81   81   81  
   73   73   73   73   73   73   73   73   73   73   73   73   73   73   73   73  
  151  151  151  151  151  151  151  151  151  151  151  151  151  151  151  151  
  149  149  149  149  149  149  149  149  149  149  149  149  149  149  149  149  
  150  150  150  150  150  150  150  150  150  150  150  150  150  150  150  150  
  150  150  150  150  150  150  150  150  150  150  150  150  150  150  150  150  
  149  149  149  149  149  149  149  149  149  149  149  149  149  149  149  149  
 
       B_jpeg(3)
 
   30   30   30   30   30   30   30   30   30   30   30   30   30   30   30   30  
   29   29   29   29   29   29   29   29   29   29   29   29   29   29   29   29  
   29   29   29   29   29   29   29   29   29   29   29   29   29   29   29   29  
   32   32   32   32   32   32   32   32   32   32   32   32   32   32   32   32  
   37   37   37   37   37   37   37   37   37   37   37   37   37   37   37   37  
   77   77   77   77   77   77   77   77   77   77   77   77   77   77   77   77  
   77   77   77   77   77   77   77   77   77   77   77   77   77   77   77   77  
   76   76   76   76   76   76   76   76   76   76   76   76   76   76   76   76  
   76   76   76   76   76   76   76   76   76   76   76   76   76   76   76   76  
   81   81   81   81   81   81   81   81   81   81   81   81   81   81   81   81  
   73   73   73   73   73   73   73   73   73   73   73   73   73   73   73   73  
  151  151  151  151  151  151  151  151  151  151  151  151  151  151  151  151  
  149  149  149  149  149  149  149  149  149  149  149  149  149  149  149  149  
  150  150  150  150  150  150  150  150  150  150  150  150  150  150  150  150  
  150  150  150  150  150  150  150  150  150  150  150  150  150  150  150  150  
  149  149  149  149  149  149  149  149  149  149  149  149  149  149  149  149  
 
-->//B_png=cvtColor(A_png,"CV_GRAY2RGB",0)
 
-->B_bmp = cvtColor(A_bmp,"CV_GRAY2RGB",0)
 B_bmp  =
 
 
       B_bmp(1)
 
   29   29   29   29   29   29   29   29   29   29   29   29   29   29   29   29  
   29   29   29   29   29   29   29   29   29   29   29   29   29   29   29   29  
   29   29   29   29   29   29   29   29   29   29   29   29   29   29   29   29  
   29   29   29   29   29   29   29   29   29   29   29   29   29   29   29   29  
   29   29   29   29   29   29   29   29   29   29   29   29   29   29   29   29  
   76   76   76   76   76   76   76   76   76   76   76   76   76   76   76   76  
   76   76   76   76   76   76   76   76   76   76   76   76   76   76   76   76  
   76   76   76   76   76   76   76   76   76   76   76   76   76   76   76   76  
   76   76   76   76   76   76   76   76   76   76   76   76   76   76   76   76  
   76   76   76   76   76   76   76   76   76   76   76   76   76   76   76   76  
   76   76   76   76   76   76   76   76   76   76   76   76   76   76   76   76  
  150  150  150  150  150  150  150  150  150  150  150  150  150  150  150  150  
  150  150  150  150  150  150  150  150  150  150  150  150  150  150  150  150  
  150  150  150  150  150  150  150  150  150  150  150  150  150  150  150  150  
  150  150  150  150  150  150  150  150  150  150  150  150  150  150  150  150  
  150  150  150  150  150  150  150  150  150  150  150  150  150  150  150  150  
 
       B_bmp(2)
 
   29   29   29   29   29   29   29   29   29   29   29   29   29   29   29   29  
   29   29   29   29   29   29   29   29   29   29   29   29   29   29   29   29  
   29   29   29   29   29   29   29   29   29   29   29   29   29   29   29   29  
   29   29   29   29   29   29   29   29   29   29   29   29   29   29   29   29  
   29   29   29   29   29   29   29   29   29   29   29   29   29   29   29   29  
   76   76   76   76   76   76   76   76   76   76   76   76   76   76   76   76  
   76   76   76   76   76   76   76   76   76   76   76   76   76   76   76   76  
   76   76   76   76   76   76   76   76   76   76   76   76   76   76   76   76  
   76   76   76   76   76   76   76   76   76   76   76   76   76   76   76   76  
   76   76   76   76   76   76   76   76   76   76   76   76   76   76   76   76  
   76   76   76   76   76   76   76   76   76   76   76   76   76   76   76   76  
  150  150  150  150  150  150  150  150  150  150  150  150  150  150  150  150  
  150  150  150  150  150  150  150  150  150  150  150  150  150  150  150  150  
  150  150  150  150  150  150  150  150  150  150  150  150  150  150  150  150  
  150  150  150  150  150  150  150  150  150  150  150  150  150  150  150  150  
  150  150  150  150  150  150  150  150  150  150  150  150  150  150  150  150  
 
       B_bmp(3)
 
   29   29   29   29   29   29   29   29   29   29   29   29   29   29   29   29  
   29   29   29   29   29   29   29   29   29   29   29   29   29   29   29   29  
   29   29   29   29   29   29   29   29   29   29   29   29   29   29   29   29  
   29   29   29   29   29   29   29   29   29   29   29   29   29   29   29   29  
   29   29   29   29   29   29   29   29   29   29   29   29   29   29   29   29  
   76   76   76   76   76   76   76   76   76   76   76   76   76   76   76   76  
   76   76   76   76   76   76   76   76   76   76   76   76   76   76   76   76  
   76   76   76   76   76   76   76   76   76   76   76   76   76   76   76   76  
   76   76   76   76   76   76   76   76   76   76   76   76   76   76   76   76  
   76   76   76   76   76   76   76   76   76   76   76   76   76   76   76   76  
   76   76   76   76   76   76   76   76   76   76   76   76   76   76   76   76  
  150  150  150  150  150  150  150  150  150  150  150  150  150  150  150  150  
  150  150  150  150  150  150  150  150  150  150  150  150  150  150  150  150  
  150  150  150  150  150  150  150  150  150  150  150  150  150  150  150  150  
  150  150  150  150  150  150  150  150  150  150  150  150  150  150  150  150  
  150  150  150  150  150  150  150  150  150  150  150  150  150  150  150  150  
 
-->B_tif=cvtColor(A_tif,"CV_GRAY2RGB",0)
 B_tif  =
 
 
       B_tif(1)
 
   29   29   29   29   29   29   29   29   29   29   29   29   29   29   29   29  
   29   29   29   29   29   29   29   29   29   29   29   29   29   29   29   29  
   29   29   29   29   29   29   29   29   29   29   29   29   29   29   29   29  
   29   29   29   29   29   29   29   29   29   29   29   29   29   29   29   29  
   29   29   29   29   29   29   29   29   29   29   29   29   29   29   29   29  
   76   76   76   76   76   76   76   76   76   76   76   76   76   76   76   76  
   76   76   76   76   76   76   76   76   76   76   76   76   76   76   76   76  
   76   76   76   76   76   76   76   76   76   76   76   76   76   76   76   76  
   76   76   76   76   76   76   76   76   76   76   76   76   76   76   76   76  
   76   76   76   76   76   76   76   76   76   76   76   76   76   76   76   76  
   76   76   76   76   76   76   76   76   76   76   76   76   76   76   76   76  
  150  150  150  150  150  150  150  150  150  150  150  150  150  150  150  150  
  150  150  150  150  150  150  150  150  150  150  150  150  150  150  150  150  
  150  150  150  150  150  150  150  150  150  150  150  150  150  150  150  150  
  150  150  150  150  150  150  150  150  150  150  150  150  150  150  150  150  
  150  150  150  150  150  150  150  150  150  150  150  150  150  150  150  150  
 
       B_tif(2)
 
   29   29   29   29   29   29   29   29   29   29   29   29   29   29   29   29  
   29   29   29   29   29   29   29   29   29   29   29   29   29   29   29   29  
   29   29   29   29   29   29   29   29   29   29   29   29   29   29   29   29  
   29   29   29   29   29   29   29   29   29   29   29   29   29   29   29   29  
   29   29   29   29   29   29   29   29   29   29   29   29   29   29   29   29  
   76   76   76   76   76   76   76   76   76   76   76   76   76   76   76   76  
   76   76   76   76   76   76   76   76   76   76   76   76   76   76   76   76  
   76   76   76   76   76   76   76   76   76   76   76   76   76   76   76   76  
   76   76   76   76   76   76   76   76   76   76   76   76   76   76   76   76  
   76   76   76   76   76   76   76   76   76   76   76   76   76   76   76   76  
   76   76   76   76   76   76   76   76   76   76   76   76   76   76   76   76  
  150  150  150  150  150  150  150  150  150  150  150  150  150  150  150  150  
  150  150  150  150  150  150  150  150  150  150  150  150  150  150  150  150  
  150  150  150  150  150  150  150  150  150  150  150  150  150  150  150  150  
  150  150  150  150  150  150  150  150  150  150  150  150  150  150  150  150  
  150  150  150  150  150  150  150  150  150  150  150  150  150  150  150  150  
 
       B_tif(3)
 
   29   29   29   29   29   29   29   29   29   29   29   29   29   29   29   29  
   29   29   29   29   29   29   29   29   29   29   29   29   29   29   29   29  
   29   29   29   29   29   29   29   29   29   29   29   29   29   29   29   29  
   29   29   29   29   29   29   29   29   29   29   29   29   29   29   29   29  
   29   29   29   29   29   29   29   29   29   29   29   29   29   29   29   29  
   76   76   76   76   76   76   76   76   76   76   76   76   76   76   76   76  
   76   76   76   76   76   76   76   76   76   76   76   76   76   76   76   76  
   76   76   76   76   76   76   76   76   76   76   76   76   76   76   76   76  
   76   76   76   76   76   76   76   76   76   76   76   76   76   76   76   76  
   76   76   76   76   76   76   76   76   76   76   76   76   76   76   76   76  
   76   76   76   76   76   76   76   76   76   76   76   76   76   76   76   76  
  150  150  150  150  150  150  150  150  150  150  150  150  150  150  150  150  
  150  150  150  150  150  150  150  150  150  150  150  150  150  150  150  150  
  150  150  150  150  150  150  150  150  150  150  150  150  150  150  150  150  
  150  150  150  150  150  150  150  150  150  150  150  150  150  150  150  150  
  150  150  150  150  150  150  150  150  150  150  150  150  150  150  150  150  
 
-->diary(0)
