 d  =
 
    1.  
 
-->JPEG = imread('color.jpeg')
 JPEG  =
 
(:,:,1)
 
  3  1  2  26  74  174  227  252  253  217  130  126  37  0  1  3  
  3  1  2  26  74  174  227  252  253  217  130  126  37  0  1  3  
  3  1  2  26  74  174  227  252  253  217  130  126  37  0  1  3  
  3  1  2  26  74  174  227  252  253  217  130  126  37  0  1  3  
  3  1  2  26  74  174  227  252  253  217  130  126  37  0  1  3  
  3  1  2  26  74  174  227  252  253  217  130  126  37  0  1  3  
  3  1  2  26  74  174  227  252  253  217  130  126  37  0  1  3  
  3  1  2  26  74  174  227  252  253  217  130  126  37  0  1  3  
  3  1  2  26  74  174  227  252  253  217  130  126  37  0  1  3  
  3  1  2  26  74  174  227  252  253  217  130  126  37  0  1  3  
  3  1  2  26  74  174  227  252  253  217  130  126  37  0  1  3  
  3  1  2  26  74  174  227  252  253  217  130  126  37  0  1  3  
  3  1  2  26  74  174  227  252  253  217  130  126  37  0  1  3  
  3  1  2  26  74  174  227  252  253  217  130  126  37  0  1  3  
  3  1  2  26  74  174  227  252  253  217  130  126  37  0  1  3  
  3  1  2  26  74  174  227  252  253  217  130  126  37  0  1  3  
(:,:,2)
 
  0  0  1  0  0  21  7  0  0  27  60  187  234  255  254  251  
  0  0  1  0  0  21  7  0  0  27  60  187  234  255  254  251  
  0  0  1  0  0  21  7  0  0  27  60  187  234  255  254  251  
  0  0  1  0  0  21  7  0  0  27  60  187  234  255  254  251  
  0  0  1  0  0  21  7  0  0  27  60  187  234  255  254  251  
  0  0  1  0  0  21  7  0  0  27  60  187  234  255  254  251  
  0  0  1  0  0  21  7  0  0  27  60  187  234  255  254  251  
  0  0  1  0  0  21  7  0  0  27  60  187  234  255  254  251  
  0  0  1  0  0  21  7  0  0  27  60  187  234  255  254  251  
  0  0  1  0  0  21  7  0  0  27  60  187  234  255  254  251  
  0  0  1  0  0  21  7  0  0  27  60  187  234  255  254  251  
  0  0  1  0  0  21  7  0  0  27  60  187  234  255  254  251  
  0  0  1  0  0  21  7  0  0  27  60  187  234  255  254  251  
  0  0  1  0  0  21  7  0  0  27  60  187  234  255  254  251  
  0  0  1  0  0  21  7  0  0  27  60  187  234  255  254  251  
  0  0  1  0  0  21  7  0  0  27  60  187  234  255  254  251  
(:,:,3)
 
  255  252  253  213  137  111  42  2  0  0  0  32  5  0  5  7  
  255  252  253  213  137  111  42  2  0  0  0  32  5  0  5  7  
  255  252  253  213  137  111  42  2  0  0  0  32  5  0  5  7  
  255  252  253  213  137  111  42  2  0  0  0  32  5  0  5  7  
  255  252  253  213  137  111  42  2  0  0  0  32  5  0  5  7  
  255  252  253  213  137  111  42  2  0  0  0  32  5  0  5  7  
  255  252  253  213  137  111  42  2  0  0  0  32  5  0  5  7  
  255  252  253  213  137  111  42  2  0  0  0  32  5  0  5  7  
  255  252  253  213  137  111  42  2  0  0  0  32  5  0  5  7  
  255  252  253  213  137  111  42  2  0  0  0  32  5  0  5  7  
  255  252  253  213  137  111  42  2  0  0  0  32  5  0  5  7  
  255  252  253  213  137  111  42  2  0  0  0  32  5  0  5  7  
  255  252  253  213  137  111  42  2  0  0  0  32  5  0  5  7  
  255  252  253  213  137  111  42  2  0  0  0  32  5  0  5  7  
  255  252  253  213  137  111  42  2  0  0  0  32  5  0  5  7  
  255  252  253  213  137  111  42  2  0  0  0  32  5  0  5  7  
 
-->diary(d,'close')
