B_jpeg = imresize(A_jpeg,[8,8])

B_jpeg(:,:,1) =

    0   12  124  244  232  128   23    0
    0   12  124  244  232  128   23    0
    0   12  124  244  232  128   23    0
    0   12  124  244  232  128   23    0
    0   12  124  244  232  128   23    0
    0   12  124  244  232  128   23    0
    0   12  124  244  232  128   23    0
    0   12  124  244  232  128   23    0


B_jpeg(:,:,2) =

    0    0   10    4    9  125  248  254
    0    0   10    4    9  125  248  254
    0    0   10    4    9  125  248  254
    0    0   10    4    9  125  248  254
    0    0   10    4    9  125  248  254
    0    0   10    4    9  125  248  254
    0    0   10    4    9  125  248  254
    0    0   10    4    9  125  248  254


B_jpeg(:,:,3) =

  255  230  125   24    0   14    6    5
  255  230  125   24    0   14    6    5
  255  230  125   24    0   14    6    5
  255  230  125   24    0   14    6    5
  255  230  125   24    0   14    6    5
  255  230  125   24    0   14    6    5
  255  230  125   24    0   14    6    5
  255  230  125   24    0   14    6    5

B_png = imresize(A_png,[8,8])

B_png(:,:,1) =

    0    0  128  255  255  128    0    0
    0    0  128  255  255  128    0    0
    0    0  128  255  255  128    0    0
    0    0  128  255  255  128    0    0
    0    0  128  255  255  128    0    0
    0    0  128  255  255  128    0    0
    0    0  128  255  255  128    0    0
    0    0  128  255  255  128    0    0


B_png(:,:,2) =

    0    0    0    0    0  128  255  255
    0    0    0    0    0  128  255  255
    0    0    0    0    0  128  255  255
    0    0    0    0    0  128  255  255
    0    0    0    0    0  128  255  255
    0    0    0    0    0  128  255  255
    0    0    0    0    0  128  255  255
    0    0    0    0    0  128  255  255


B_png(:,:,3) =

  255  255  128    0    0    0    0    0
  255  255  128    0    0    0    0    0
  255  255  128    0    0    0    0    0
  255  255  128    0    0    0    0    0
  255  255  128    0    0    0    0    0
  255  255  128    0    0    0    0    0
  255  255  128    0    0    0    0    0
  255  255  128    0    0    0    0    0

B_bmp = imresize(A_bmp,[14,8])

B_bmp(:,:,1) =

    0    0  128  255  255  128    0    0
    0    0  128  255  255  128    0    0
    0    0  128  255  255  128    0    0
    0    0  128  255  255  128    0    0
    0    0  128  255  255  128    0    0
    0    0  128  255  255  128    0    0
    0    0  128  255  255  128    0    0
    0    0  128  255  255  128    0    0
    0    0  128  255  255  128    0    0
    0    0  128  255  255  128    0    0
    0    0  128  255  255  128    0    0
    0    0  128  255  255  128    0    0
    0    0  128  255  255  128    0    0
    0    0  128  255  255  128    0    0


B_bmp(:,:,2) =

    0    0    0    0    0  128  255  255
    0    0    0    0    0  128  255  255
    0    0    0    0    0  128  255  255
    0    0    0    0    0  128  255  255
    0    0    0    0    0  128  255  255
    0    0    0    0    0  128  255  255
    0    0    0    0    0  128  255  255
    0    0    0    0    0  128  255  255
    0    0    0    0    0  128  255  255
    0    0    0    0    0  128  255  255
    0    0    0    0    0  128  255  255
    0    0    0    0    0  128  255  255
    0    0    0    0    0  128  255  255
    0    0    0    0    0  128  255  255


B_bmp(:,:,3) =

  255  255  128    0    0    0    0    0
  255  255  128    0    0    0    0    0
  255  255  128    0    0    0    0    0
  255  255  128    0    0    0    0    0
  255  255  128    0    0    0    0    0
  255  255  128    0    0    0    0    0
  255  255  128    0    0    0    0    0
  255  255  128    0    0    0    0    0
  255  255  128    0    0    0    0    0
  255  255  128    0    0    0    0    0
  255  255  128    0    0    0    0    0
  255  255  128    0    0    0    0    0
  255  255  128    0    0    0    0    0
  255  255  128    0    0    0    0    0

B_tif = imresize(A_tif,[8,14])

B_tif(:,:,1) =

    0    0    0    0  165  255  255  255  255  165    0    0    0    0
    0    0    0    0  165  255  255  255  255  165    0    0    0    0
    0    0    0    0  165  255  255  255  255  165    0    0    0    0
    0    0    0    0  165  255  255  255  255  165    0    0    0    0
    0    0    0    0  165  255  255  255  255  165    0    0    0    0
    0    0    0    0  165  255  255  255  255  165    0    0    0    0
    0    0    0    0  165  255  255  255  255  165    0    0    0    0
    0    0    0    0  165  255  255  255  255  165    0    0    0    0


B_tif(:,:,2) =

    0    0    0    0    0    0    0    0    0   90  255  255  255  255
    0    0    0    0    0    0    0    0    0   90  255  255  255  255
    0    0    0    0    0    0    0    0    0   90  255  255  255  255
    0    0    0    0    0    0    0    0    0   90  255  255  255  255
    0    0    0    0    0    0    0    0    0   90  255  255  255  255
    0    0    0    0    0    0    0    0    0   90  255  255  255  255
    0    0    0    0    0    0    0    0    0   90  255  255  255  255
    0    0    0    0    0    0    0    0    0   90  255  255  255  255


B_tif(:,:,3) =

  255  255  255  255   90    0    0    0    0    0    0    0    0    0
  255  255  255  255   90    0    0    0    0    0    0    0    0    0
  255  255  255  255   90    0    0    0    0    0    0    0    0    0
  255  255  255  255   90    0    0    0    0    0    0    0    0    0
  255  255  255  255   90    0    0    0    0    0    0    0    0    0
  255  255  255  255   90    0    0    0    0    0    0    0    0    0
  255  255  255  255   90    0    0    0    0    0    0    0    0    0
  255  255  255  255   90    0    0    0    0    0    0    0    0    0


B_tif(:,:,4) =

  255  255  255  255  255  255  255  255  255  255  255  255  255  255
  255  255  255  255  255  255  255  255  255  255  255  255  255  255
  255  255  255  255  255  255  255  255  255  255  255  255  255  255
  255  255  255  255  255  255  255  255  255  255  255  255  255  255
  255  255  255  255  255  255  255  255  255  255  255  255  255  255
  255  255  255  255  255  255  255  255  255  255  255  255  255  255
  255  255  255  255  255  255  255  255  255  255  255  255  255  255
  255  255  255  255  255  255  255  255  255  255  255  255  255  255

diary off
