 ans  =
 
    1.  
 
-->B_jpeg=cvtColor(A_jpeg,"CV_BGR2Luv",0)
 B_jpeg  =
 
 
       B_jpeg(1)
 
   10   10   10   10   10   10   10   10   10   10   10   10   10   10   10   10  
   11   11   11   11   11   11   11   11   11   11   11   11   11   11   11   11  
   11   11   11   11   11   11   11   11   11   11   11   11   11   11   11   11  
   33   33   33   33   33   33   33   33   33   33   33   33   33   33   33   33  
   74   74   74   74   74   74   74   74   74   74   74   74   74   74   74   74  
  115  115  115  115  115  115  115  115  115  115  115  115  115  115  115  115  
  166  166  166  166  166  166  166  166  166  166  166  166  166  166  166  166  
  176  176  176  176  176  176  176  176  176  176  176  176  176  176  176  176  
  177  177  177  177  177  177  177  177  177  177  177  177  177  177  177  177  
  173  173  173  173  173  173  173  173  173  173  173  173  173  173  173  173  
  170  170  170  170  170  170  170  170  170  170  170  170  170  170  170  170  
  217  217  217  217  217  217  217  217  217  217  217  217  217  217  217  217  
  238  238  238  238  238  238  238  238  238  238  238  238  238  238  238  238  
  246  246  246  246  246  246  246  246  246  246  246  246  246  246  246  246  
  246  246  246  246  246  246  246  246  246  246  246  246  246  246  246  246  
  245  245  245  245  245  245  245  245  245  245  245  245  245  245  245  245  
 
       B_jpeg(2)
 
   90   90   90   90   90   90   90   90   90   90   90   90   90   90   90   90  
   90   90   90   90   90   90   90   90   90   90   90   90   90   90   90   90  
   90   90   90   90   90   90   90   90   90   90   90   90   90   90   90   90  
   92   92   92   92   92   92   92   92   92   92   92   92   92   92   92   92  
  103  103  103  103  103  103  103  103  103  103  103  103  103  103  103  103  
  156  156  156  156  156  156  156  156  156  156  156  156  156  156  156  156  
  205  205  205  205  205  205  205  205  205  205  205  205  205  205  205  205  
  221  221  221  221  221  221  221  221  221  221  221  221  221  221  221  221  
  222  222  222  222  222  222  222  222  222  222  222  222  222  222  222  222  
  200  200  200  200  200  200  200  200  200  200  200  200  200  200  200  200  
  137  137  137  137  137  137  137  137  137  137  137  137  137  137  137  137  
   74   74   74   74   74   74   74   74   74   74   74   74   74   74   74   74  
   43   43   43   43   43   43   43   43   43   43   43   43   43   43   43   43  
   37   37   37   37   37   37   37   37   37   37   37   37   37   37   37   37  
   37   37   37   37   37   37   37   37   37   37   37   37   37   37   37   37  
   38   38   38   38   38   38   38   38   38   38   38   38   38   38   38   38  
 
       B_jpeg(3)
 
   82   82   82   82   82   82   82   82   82   82   82   82   82   82   82   82  
   81   81   81   81   81   81   81   81   81   81   81   81   81   81   81   81  
   82   82   82   82   82   82   82   82   82   82   82   82   82   82   82   82  
   68   68   68   68   68   68   68   68   68   68   68   68   68   68   68   68  
   54   54   54   54   54   54   54   54   54   54   54   54   54   54   54   54  
  100  100  100  100  100  100  100  100  100  100  100  100  100  100  100  100  
  122  122  122  122  122  122  122  122  122  122  122  122  122  122  122  122  
  134  134  134  134  134  134  134  134  134  134  134  134  134  134  134  134  
  135  135  135  135  135  135  135  135  135  135  135  135  135  135  135  135  
  118  118  118  118  118  118  118  118  118  118  118  118  118  118  118  118  
   87   87   87   87   87   87   87   87   87   87   87   87   87   87   87   87  
  177  177  177  177  177  177  177  177  177  177  177  177  177  177  177  177  
  208  208  208  208  208  208  208  208  208  208  208  208  208  208  208  208  
  224  224  224  224  224  224  224  224  224  224  224  224  224  224  224  224  
  223  223  223  223  223  223  223  223  223  223  223  223  223  223  223  223  
  221  221  221  221  221  221  221  221  221  221  221  221  221  221  221  221  
 
-->//B_png=cvtColor(A_png,"CV_BGR2HSVb",0)
 
-->B_bmp = cvtColor(A_bmp,"CV_BGR2Luv",0)
 B_bmp  =
 
 
       B_bmp(1)
 
   10   10   10   10   10   10   10   10   10   10   10   10   10   10   10   10  
   10   10   10   10   10   10   10   10   10   10   10   10   10   10   10   10  
   10   10   10   10   10   10   10   10   10   10   10   10   10   10   10   10  
   10   10   10   10   10   10   10   10   10   10   10   10   10   10   10   10  
   10   10   10   10   10   10   10   10   10   10   10   10   10   10   10   10  
  177  177  177  177  177  177  177  177  177  177  177  177  177  177  177  177  
  177  177  177  177  177  177  177  177  177  177  177  177  177  177  177  177  
  177  177  177  177  177  177  177  177  177  177  177  177  177  177  177  177  
  177  177  177  177  177  177  177  177  177  177  177  177  177  177  177  177  
  177  177  177  177  177  177  177  177  177  177  177  177  177  177  177  177  
  177  177  177  177  177  177  177  177  177  177  177  177  177  177  177  177  
  246  246  246  246  246  246  246  246  246  246  246  246  246  246  246  246  
  246  246  246  246  246  246  246  246  246  246  246  246  246  246  246  246  
  246  246  246  246  246  246  246  246  246  246  246  246  246  246  246  246  
  246  246  246  246  246  246  246  246  246  246  246  246  246  246  246  246  
  246  246  246  246  246  246  246  246  246  246  246  246  246  246  246  246  
 
       B_bmp(2)
 
   90   90   90   90   90   90   90   90   90   90   90   90   90   90   90   90  
   90   90   90   90   90   90   90   90   90   90   90   90   90   90   90   90  
   90   90   90   90   90   90   90   90   90   90   90   90   90   90   90   90  
   90   90   90   90   90   90   90   90   90   90   90   90   90   90   90   90  
   90   90   90   90   90   90   90   90   90   90   90   90   90   90   90   90  
  223  223  223  223  223  223  223  223  223  223  223  223  223  223  223  223  
  223  223  223  223  223  223  223  223  223  223  223  223  223  223  223  223  
  223  223  223  223  223  223  223  223  223  223  223  223  223  223  223  223  
  223  223  223  223  223  223  223  223  223  223  223  223  223  223  223  223  
  223  223  223  223  223  223  223  223  223  223  223  223  223  223  223  223  
  223  223  223  223  223  223  223  223  223  223  223  223  223  223  223  223  
   37   37   37   37   37   37   37   37   37   37   37   37   37   37   37   37  
   37   37   37   37   37   37   37   37   37   37   37   37   37   37   37   37  
   37   37   37   37   37   37   37   37   37   37   37   37   37   37   37   37  
   37   37   37   37   37   37   37   37   37   37   37   37   37   37   37   37  
   37   37   37   37   37   37   37   37   37   37   37   37   37   37   37   37  
 
       B_bmp(3)
 
   82   82   82   82   82   82   82   82   82   82   82   82   82   82   82   82  
   82   82   82   82   82   82   82   82   82   82   82   82   82   82   82   82  
   82   82   82   82   82   82   82   82   82   82   82   82   82   82   82   82  
   82   82   82   82   82   82   82   82   82   82   82   82   82   82   82   82  
   82   82   82   82   82   82   82   82   82   82   82   82   82   82   82   82  
  136  136  136  136  136  136  136  136  136  136  136  136  136  136  136  136  
  136  136  136  136  136  136  136  136  136  136  136  136  136  136  136  136  
  136  136  136  136  136  136  136  136  136  136  136  136  136  136  136  136  
  136  136  136  136  136  136  136  136  136  136  136  136  136  136  136  136  
  136  136  136  136  136  136  136  136  136  136  136  136  136  136  136  136  
  136  136  136  136  136  136  136  136  136  136  136  136  136  136  136  136  
  224  224  224  224  224  224  224  224  224  224  224  224  224  224  224  224  
  224  224  224  224  224  224  224  224  224  224  224  224  224  224  224  224  
  224  224  224  224  224  224  224  224  224  224  224  224  224  224  224  224  
  224  224  224  224  224  224  224  224  224  224  224  224  224  224  224  224  
  224  224  224  224  224  224  224  224  224  224  224  224  224  224  224  224  
 
-->B_tif=cvtColor(A_tif,"CV_BGR2Luv",0)
 B_tif  =
 
 
       B_tif(1)
 
   10   10   10   10   10   10   10   10   10   10   10   10   10   10   10   10  
   10   10   10   10   10   10   10   10   10   10   10   10   10   10   10   10  
   10   10   10   10   10   10   10   10   10   10   10   10   10   10   10   10  
   10   10   10   10   10   10   10   10   10   10   10   10   10   10   10   10  
   10   10   10   10   10   10   10   10   10   10   10   10   10   10   10   10  
  177  177  177  177  177  177  177  177  177  177  177  177  177  177  177  177  
  177  177  177  177  177  177  177  177  177  177  177  177  177  177  177  177  
  177  177  177  177  177  177  177  177  177  177  177  177  177  177  177  177  
  177  177  177  177  177  177  177  177  177  177  177  177  177  177  177  177  
  177  177  177  177  177  177  177  177  177  177  177  177  177  177  177  177  
  177  177  177  177  177  177  177  177  177  177  177  177  177  177  177  177  
  246  246  246  246  246  246  246  246  246  246  246  246  246  246  246  246  
  246  246  246  246  246  246  246  246  246  246  246  246  246  246  246  246  
  246  246  246  246  246  246  246  246  246  246  246  246  246  246  246  246  
  246  246  246  246  246  246  246  246  246  246  246  246  246  246  246  246  
  246  246  246  246  246  246  246  246  246  246  246  246  246  246  246  246  
 
       B_tif(2)
 
   90   90   90   90   90   90   90   90   90   90   90   90   90   90   90   90  
   90   90   90   90   90   90   90   90   90   90   90   90   90   90   90   90  
   90   90   90   90   90   90   90   90   90   90   90   90   90   90   90   90  
   90   90   90   90   90   90   90   90   90   90   90   90   90   90   90   90  
   90   90   90   90   90   90   90   90   90   90   90   90   90   90   90   90  
  223  223  223  223  223  223  223  223  223  223  223  223  223  223  223  223  
  223  223  223  223  223  223  223  223  223  223  223  223  223  223  223  223  
  223  223  223  223  223  223  223  223  223  223  223  223  223  223  223  223  
  223  223  223  223  223  223  223  223  223  223  223  223  223  223  223  223  
  223  223  223  223  223  223  223  223  223  223  223  223  223  223  223  223  
  223  223  223  223  223  223  223  223  223  223  223  223  223  223  223  223  
   37   37   37   37   37   37   37   37   37   37   37   37   37   37   37   37  
   37   37   37   37   37   37   37   37   37   37   37   37   37   37   37   37  
   37   37   37   37   37   37   37   37   37   37   37   37   37   37   37   37  
   37   37   37   37   37   37   37   37   37   37   37   37   37   37   37   37  
   37   37   37   37   37   37   37   37   37   37   37   37   37   37   37   37  
 
       B_tif(3)
 
   82   82   82   82   82   82   82   82   82   82   82   82   82   82   82   82  
   82   82   82   82   82   82   82   82   82   82   82   82   82   82   82   82  
   82   82   82   82   82   82   82   82   82   82   82   82   82   82   82   82  
   82   82   82   82   82   82   82   82   82   82   82   82   82   82   82   82  
   82   82   82   82   82   82   82   82   82   82   82   82   82   82   82   82  
  136  136  136  136  136  136  136  136  136  136  136  136  136  136  136  136  
  136  136  136  136  136  136  136  136  136  136  136  136  136  136  136  136  
  136  136  136  136  136  136  136  136  136  136  136  136  136  136  136  136  
  136  136  136  136  136  136  136  136  136  136  136  136  136  136  136  136  
  136  136  136  136  136  136  136  136  136  136  136  136  136  136  136  136  
  136  136  136  136  136  136  136  136  136  136  136  136  136  136  136  136  
  224  224  224  224  224  224  224  224  224  224  224  224  224  224  224  224  
  224  224  224  224  224  224  224  224  224  224  224  224  224  224  224  224  
  224  224  224  224  224  224  224  224  224  224  224  224  224  224  224  224  
  224  224  224  224  224  224  224  224  224  224  224  224  224  224  224  224  
  224  224  224  224  224  224  224  224  224  224  224  224  224  224  224  224  
 
-->diary(0)
