 ans  =
 
    1.  
 
-->B_jpeg=cvtColor(A_jpeg,"CV_RGB2Luv",0)
 B_jpeg  =
 
 
       B_jpeg(1)
 
  177  177  177  177  177  177  177  177  177  177  177  177  177  177  177  177  
  177  177  177  177  177  177  177  177  177  177  177  177  177  177  177  177  
  177  177  177  177  177  177  177  177  177  177  177  177  177  177  177  177  
  167  167  167  167  167  167  167  167  167  167  167  167  167  167  167  167  
  128  128  128  128  128  128  128  128  128  128  128  128  128  128  128  128  
   54   54   54   54   54   54   54   54   54   54   54   54   54   54   54   54  
   24   24   24   24   24   24   24   24   24   24   24   24   24   24   24   24  
   11   11   11   11   11   11   11   11   11   11   11   11   11   11   11   11  
   11   11   11   11   11   11   11   11   11   11   11   11   11   11   11   11  
   30   30   30   30   30   30   30   30   30   30   30   30   30   30   30   30  
   83   83   83   83   83   83   83   83   83   83   83   83   83   83   83   83  
  175  175  175  175  175  175  175  175  175  175  175  175  175  175  175  175  
  235  235  235  235  235  235  235  235  235  235  235  235  235  235  235  235  
  246  246  246  246  246  246  246  246  246  246  246  246  246  246  246  246  
  246  246  246  246  246  246  246  246  246  246  246  246  246  246  246  246  
  245  245  245  245  245  245  245  245  245  245  245  245  245  245  245  245  
 
       B_jpeg(2)
 
  222  222  222  222  222  222  222  222  222  222  222  222  222  222  222  222  
  221  221  221  221  221  221  221  221  221  221  221  221  221  221  221  221  
  221  221  221  221  221  221  221  221  221  221  221  221  221  221  221  221  
  200  200  200  200  200  200  200  200  200  200  200  200  200  200  200  200  
  148  148  148  148  148  148  148  148  148  148  148  148  148  148  148  148  
  109  109  109  109  109  109  109  109  109  109  109  109  109  109  109  109  
   92   92   92   92   92   92   92   92   92   92   92   92   92   92   92   92  
   90   90   90   90   90   90   90   90   90   90   90   90   90   90   90   90  
   90   90   90   90   90   90   90   90   90   90   90   90   90   90   90   90  
   90   90   90   90   90   90   90   90   90   90   90   90   90   90   90   90  
   87   87   87   87   87   87   87   87   87   87   87   87   87   87   87   87  
   56   56   56   56   56   56   56   56   56   56   56   56   56   56   56   56  
   42   42   42   42   42   42   42   42   42   42   42   42   42   42   42   42  
   37   37   37   37   37   37   37   37   37   37   37   37   37   37   37   37  
   37   37   37   37   37   37   37   37   37   37   37   37   37   37   37   37  
   38   38   38   38   38   38   38   38   38   38   38   38   38   38   38   38  
 
       B_jpeg(3)
 
  136  136  136  136  136  136  136  136  136  136  136  136  136  136  136  136  
  134  134  134  134  134  134  134  134  134  134  134  134  134  134  134  134  
  135  135  135  135  135  135  135  135  135  135  135  135  135  135  135  135  
  114  114  114  114  114  114  114  114  114  114  114  114  114  114  114  114  
   74   74   74   74   74   74   74   74   74   74   74   74   74   74   74   74  
   81   81   81   81   81   81   81   81   81   81   81   81   81   81   81   81  
   76   76   76   76   76   76   76   76   76   76   76   76   76   76   76   76  
   81   81   81   81   81   81   81   81   81   81   81   81   81   81   81   81  
   82   82   82   82   82   82   82   82   82   82   82   82   82   82   82   82  
   74   74   74   74   74   74   74   74   74   74   74   74   74   74   74   74  
   67   67   67   67   67   67   67   67   67   67   67   67   67   67   67   67  
  172  172  172  172  172  172  172  172  172  172  172  172  172  172  172  172  
  207  207  207  207  207  207  207  207  207  207  207  207  207  207  207  207  
  224  224  224  224  224  224  224  224  224  224  224  224  224  224  224  224  
  223  223  223  223  223  223  223  223  223  223  223  223  223  223  223  223  
  221  221  221  221  221  221  221  221  221  221  221  221  221  221  221  221  
 
-->//B_png=cvtColor(A_png,"CV_BGR2HSVb",0)
 
-->B_bmp = cvtColor(A_bmp,"CV_RGB2Luv",0)
 B_bmp  =
 
 
       B_bmp(1)
 
  177  177  177  177  177  177  177  177  177  177  177  177  177  177  177  177  
  177  177  177  177  177  177  177  177  177  177  177  177  177  177  177  177  
  177  177  177  177  177  177  177  177  177  177  177  177  177  177  177  177  
  177  177  177  177  177  177  177  177  177  177  177  177  177  177  177  177  
  177  177  177  177  177  177  177  177  177  177  177  177  177  177  177  177  
   10   10   10   10   10   10   10   10   10   10   10   10   10   10   10   10  
   10   10   10   10   10   10   10   10   10   10   10   10   10   10   10   10  
   10   10   10   10   10   10   10   10   10   10   10   10   10   10   10   10  
   10   10   10   10   10   10   10   10   10   10   10   10   10   10   10   10  
   10   10   10   10   10   10   10   10   10   10   10   10   10   10   10   10  
   10   10   10   10   10   10   10   10   10   10   10   10   10   10   10   10  
  246  246  246  246  246  246  246  246  246  246  246  246  246  246  246  246  
  246  246  246  246  246  246  246  246  246  246  246  246  246  246  246  246  
  246  246  246  246  246  246  246  246  246  246  246  246  246  246  246  246  
  246  246  246  246  246  246  246  246  246  246  246  246  246  246  246  246  
  246  246  246  246  246  246  246  246  246  246  246  246  246  246  246  246  
 
       B_bmp(2)
 
  223  223  223  223  223  223  223  223  223  223  223  223  223  223  223  223  
  223  223  223  223  223  223  223  223  223  223  223  223  223  223  223  223  
  223  223  223  223  223  223  223  223  223  223  223  223  223  223  223  223  
  223  223  223  223  223  223  223  223  223  223  223  223  223  223  223  223  
  223  223  223  223  223  223  223  223  223  223  223  223  223  223  223  223  
   90   90   90   90   90   90   90   90   90   90   90   90   90   90   90   90  
   90   90   90   90   90   90   90   90   90   90   90   90   90   90   90   90  
   90   90   90   90   90   90   90   90   90   90   90   90   90   90   90   90  
   90   90   90   90   90   90   90   90   90   90   90   90   90   90   90   90  
   90   90   90   90   90   90   90   90   90   90   90   90   90   90   90   90  
   90   90   90   90   90   90   90   90   90   90   90   90   90   90   90   90  
   37   37   37   37   37   37   37   37   37   37   37   37   37   37   37   37  
   37   37   37   37   37   37   37   37   37   37   37   37   37   37   37   37  
   37   37   37   37   37   37   37   37   37   37   37   37   37   37   37   37  
   37   37   37   37   37   37   37   37   37   37   37   37   37   37   37   37  
   37   37   37   37   37   37   37   37   37   37   37   37   37   37   37   37  
 
       B_bmp(3)
 
  136  136  136  136  136  136  136  136  136  136  136  136  136  136  136  136  
  136  136  136  136  136  136  136  136  136  136  136  136  136  136  136  136  
  136  136  136  136  136  136  136  136  136  136  136  136  136  136  136  136  
  136  136  136  136  136  136  136  136  136  136  136  136  136  136  136  136  
  136  136  136  136  136  136  136  136  136  136  136  136  136  136  136  136  
   82   82   82   82   82   82   82   82   82   82   82   82   82   82   82   82  
   82   82   82   82   82   82   82   82   82   82   82   82   82   82   82   82  
   82   82   82   82   82   82   82   82   82   82   82   82   82   82   82   82  
   82   82   82   82   82   82   82   82   82   82   82   82   82   82   82   82  
   82   82   82   82   82   82   82   82   82   82   82   82   82   82   82   82  
   82   82   82   82   82   82   82   82   82   82   82   82   82   82   82   82  
  224  224  224  224  224  224  224  224  224  224  224  224  224  224  224  224  
  224  224  224  224  224  224  224  224  224  224  224  224  224  224  224  224  
  224  224  224  224  224  224  224  224  224  224  224  224  224  224  224  224  
  224  224  224  224  224  224  224  224  224  224  224  224  224  224  224  224  
  224  224  224  224  224  224  224  224  224  224  224  224  224  224  224  224  
 
-->B_tif=cvtColor(A_tif,"CV_RGB2Luv",0)
 B_tif  =
 
 
       B_tif(1)
 
  177  177  177  177  177  177  177  177  177  177  177  177  177  177  177  177  
  177  177  177  177  177  177  177  177  177  177  177  177  177  177  177  177  
  177  177  177  177  177  177  177  177  177  177  177  177  177  177  177  177  
  177  177  177  177  177  177  177  177  177  177  177  177  177  177  177  177  
  177  177  177  177  177  177  177  177  177  177  177  177  177  177  177  177  
   10   10   10   10   10   10   10   10   10   10   10   10   10   10   10   10  
   10   10   10   10   10   10   10   10   10   10   10   10   10   10   10   10  
   10   10   10   10   10   10   10   10   10   10   10   10   10   10   10   10  
   10   10   10   10   10   10   10   10   10   10   10   10   10   10   10   10  
   10   10   10   10   10   10   10   10   10   10   10   10   10   10   10   10  
   10   10   10   10   10   10   10   10   10   10   10   10   10   10   10   10  
  246  246  246  246  246  246  246  246  246  246  246  246  246  246  246  246  
  246  246  246  246  246  246  246  246  246  246  246  246  246  246  246  246  
  246  246  246  246  246  246  246  246  246  246  246  246  246  246  246  246  
  246  246  246  246  246  246  246  246  246  246  246  246  246  246  246  246  
  246  246  246  246  246  246  246  246  246  246  246  246  246  246  246  246  
 
       B_tif(2)
 
  223  223  223  223  223  223  223  223  223  223  223  223  223  223  223  223  
  223  223  223  223  223  223  223  223  223  223  223  223  223  223  223  223  
  223  223  223  223  223  223  223  223  223  223  223  223  223  223  223  223  
  223  223  223  223  223  223  223  223  223  223  223  223  223  223  223  223  
  223  223  223  223  223  223  223  223  223  223  223  223  223  223  223  223  
   90   90   90   90   90   90   90   90   90   90   90   90   90   90   90   90  
   90   90   90   90   90   90   90   90   90   90   90   90   90   90   90   90  
   90   90   90   90   90   90   90   90   90   90   90   90   90   90   90   90  
   90   90   90   90   90   90   90   90   90   90   90   90   90   90   90   90  
   90   90   90   90   90   90   90   90   90   90   90   90   90   90   90   90  
   90   90   90   90   90   90   90   90   90   90   90   90   90   90   90   90  
   37   37   37   37   37   37   37   37   37   37   37   37   37   37   37   37  
   37   37   37   37   37   37   37   37   37   37   37   37   37   37   37   37  
   37   37   37   37   37   37   37   37   37   37   37   37   37   37   37   37  
   37   37   37   37   37   37   37   37   37   37   37   37   37   37   37   37  
   37   37   37   37   37   37   37   37   37   37   37   37   37   37   37   37  
 
       B_tif(3)
 
  136  136  136  136  136  136  136  136  136  136  136  136  136  136  136  136  
  136  136  136  136  136  136  136  136  136  136  136  136  136  136  136  136  
  136  136  136  136  136  136  136  136  136  136  136  136  136  136  136  136  
  136  136  136  136  136  136  136  136  136  136  136  136  136  136  136  136  
  136  136  136  136  136  136  136  136  136  136  136  136  136  136  136  136  
   82   82   82   82   82   82   82   82   82   82   82   82   82   82   82   82  
   82   82   82   82   82   82   82   82   82   82   82   82   82   82   82   82  
   82   82   82   82   82   82   82   82   82   82   82   82   82   82   82   82  
   82   82   82   82   82   82   82   82   82   82   82   82   82   82   82   82  
   82   82   82   82   82   82   82   82   82   82   82   82   82   82   82   82  
   82   82   82   82   82   82   82   82   82   82   82   82   82   82   82   82  
  224  224  224  224  224  224  224  224  224  224  224  224  224  224  224  224  
  224  224  224  224  224  224  224  224  224  224  224  224  224  224  224  224  
  224  224  224  224  224  224  224  224  224  224  224  224  224  224  224  224  
  224  224  224  224  224  224  224  224  224  224  224  224  224  224  224  224  
  224  224  224  224  224  224  224  224  224  224  224  224  224  224  224  224  
 
-->diary(0)
