B_jpeg(:,:,1) =

   28   50   75  101  123  137  150  154  151  143  125  101   76   51   30   17
   28   50   75  101  123  137  150  154  151  143  125  101   76   51   30   17
   28   50   75  101  123  137  150  154  151  143  125  101   76   51   30   17
   28   50   75  101  123  137  150  154  151  143  125  101   76   51   30   17
   28   50   75  101  123  137  150  154  151  143  125  101   76   51   30   17
   28   50   75  101  123  137  150  154  151  143  125  101   76   51   30   17
   28   50   75  101  123  137  150  154  151  143  125  101   76   51   30   17
   28   50   75  101  123  137  150  154  151  143  125  101   76   51   30   17
   28   50   75  101  123  137  150  154  151  143  125  101   76   51   30   17
   28   50   75  101  123  137  150  154  151  143  125  101   76   51   30   17
   28   50   75  101  123  137  150  154  151  143  125  101   76   51   30   17
   28   50   75  101  123  137  150  154  151  143  125  101   76   51   30   17
   28   50   75  101  123  137  150  154  151  143  125  101   76   51   30   17
   28   50   75  101  123  137  150  154  151  143  125  101   76   51   30   17
   28   50   75  101  123  137  150  154  151  143  125  101   76   51   30   17
   28   50   75  101  123  137  150  154  151  143  125  101   76   51   30   17


B_jpeg(:,:,2) =

    2    3    3    3    6   11   29   52   78  103  127  153  179  204  226  244
    2    3    3    3    6   11   29   52   78  103  127  153  179  204  226  244
    2    3    3    3    6   11   29   52   78  103  127  153  179  204  226  244
    2    3    3    3    6   11   29   52   78  103  127  153  179  204  226  244
    2    3    3    3    6   11   29   52   78  103  127  153  179  204  226  244
    2    3    3    3    6   11   29   52   78  103  127  153  179  204  226  244
    2    3    3    3    6   11   29   52   78  103  127  153  179  204  226  244
    2    3    3    3    6   11   29   52   78  103  127  153  179  204  226  244
    2    3    3    3    6   11   29   52   78  103  127  153  179  204  226  244
    2    3    3    3    6   11   29   52   78  103  127  153  179  204  226  244
    2    3    3    3    6   11   29   52   78  103  127  153  179  204  226  244
    2    3    3    3    6   11   29   52   78  103  127  153  179  204  226  244
    2    3    3    3    6   11   29   52   78  103  127  153  179  204  226  244
    2    3    3    3    6   11   29   52   78  103  127  153  179  204  226  244
    2    3    3    3    6   11   29   52   78  103  127  153  179  204  226  244
    2    3    3    3    6   11   29   52   78  103  127  153  179  204  226  244


B_jpeg(:,:,3) =

  225  204  179  153  126  100   78   53   32   19    9    6    6    7    8    8
  225  204  179  153  126  100   78   53   32   19    9    6    6    7    8    8
  225  204  179  153  126  100   78   53   32   19    9    6    6    7    8    8
  225  204  179  153  126  100   78   53   32   19    9    6    6    7    8    8
  225  204  179  153  126  100   78   53   32   19    9    6    6    7    8    8
  225  204  179  153  126  100   78   53   32   19    9    6    6    7    8    8
  225  204  179  153  126  100   78   53   32   19    9    6    6    7    8    8
  225  204  179  153  126  100   78   53   32   19    9    6    6    7    8    8
  225  204  179  153  126  100   78   53   32   19    9    6    6    7    8    8
  225  204  179  153  126  100   78   53   32   19    9    6    6    7    8    8
  225  204  179  153  126  100   78   53   32   19    9    6    6    7    8    8
  225  204  179  153  126  100   78   53   32   19    9    6    6    7    8    8
  225  204  179  153  126  100   78   53   32   19    9    6    6    7    8    8
  225  204  179  153  126  100   78   53   32   19    9    6    6    7    8    8
  225  204  179  153  126  100   78   53   32   19    9    6    6    7    8    8
  225  204  179  153  126  100   78   53   32   19    9    6    6    7    8    8


B_png(:,:,1) =

   24   49   75  101  127  154  156  157  156  154  128  101   75   49   24    0
   24   49   75  101  127  154  156  157  156  154  128  101   75   49   24    0
   24   49   75  101  127  154  156  157  156  154  128  101   75   49   24    0
   24   49   75  101  127  154  156  157  156  154  128  101   75   49   24    0
   24   49   75  101  127  154  156  157  156  154  128  101   75   49   24    0
   24   49   75  101  127  154  156  157  156  154  128  101   75   49   24    0
   24   49   75  101  127  154  156  157  156  154  128  101   75   49   24    0
   24   49   75  101  127  154  156  157  156  154  128  101   75   49   24    0
   24   49   75  101  127  154  156  157  156  154  128  101   75   49   24    0
   24   49   75  101  127  154  156  157  156  154  128  101   75   49   24    0
   24   49   75  101  127  154  156  157  156  154  128  101   75   49   24    0
   24   49   75  101  127  154  156  157  156  154  128  101   75   49   24    0
   24   49   75  101  127  154  156  157  156  154  128  101   75   49   24    0
   24   49   75  101  127  154  156  157  156  154  128  101   75   49   24    0
   24   49   75  101  127  154  156  157  156  154  128  101   75   49   24    0
   24   49   75  101  127  154  156  157  156  154  128  101   75   49   24    0


B_png(:,:,2) =

    0    0    0    0    0    0   24   49   75  101  127  154  180  206  231  255
    0    0    0    0    0    0   24   49   75  101  127  154  180  206  231  255
    0    0    0    0    0    0   24   49   75  101  127  154  180  206  231  255
    0    0    0    0    0    0   24   49   75  101  127  154  180  206  231  255
    0    0    0    0    0    0   24   49   75  101  127  154  180  206  231  255
    0    0    0    0    0    0   24   49   75  101  127  154  180  206  231  255
    0    0    0    0    0    0   24   49   75  101  127  154  180  206  231  255
    0    0    0    0    0    0   24   49   75  101  127  154  180  206  231  255
    0    0    0    0    0    0   24   49   75  101  127  154  180  206  231  255
    0    0    0    0    0    0   24   49   75  101  127  154  180  206  231  255
    0    0    0    0    0    0   24   49   75  101  127  154  180  206  231  255
    0    0    0    0    0    0   24   49   75  101  127  154  180  206  231  255
    0    0    0    0    0    0   24   49   75  101  127  154  180  206  231  255
    0    0    0    0    0    0   24   49   75  101  127  154  180  206  231  255
    0    0    0    0    0    0   24   49   75  101  127  154  180  206  231  255
    0    0    0    0    0    0   24   49   75  101  127  154  180  206  231  255


B_png(:,:,3) =

  231  206  180  154  128  101   75   49   24    0    0    0    0    0    0    0
  231  206  180  154  128  101   75   49   24    0    0    0    0    0    0    0
  231  206  180  154  128  101   75   49   24    0    0    0    0    0    0    0
  231  206  180  154  128  101   75   49   24    0    0    0    0    0    0    0
  231  206  180  154  128  101   75   49   24    0    0    0    0    0    0    0
  231  206  180  154  128  101   75   49   24    0    0    0    0    0    0    0
  231  206  180  154  128  101   75   49   24    0    0    0    0    0    0    0
  231  206  180  154  128  101   75   49   24    0    0    0    0    0    0    0
  231  206  180  154  128  101   75   49   24    0    0    0    0    0    0    0
  231  206  180  154  128  101   75   49   24    0    0    0    0    0    0    0
  231  206  180  154  128  101   75   49   24    0    0    0    0    0    0    0
  231  206  180  154  128  101   75   49   24    0    0    0    0    0    0    0
  231  206  180  154  128  101   75   49   24    0    0    0    0    0    0    0
  231  206  180  154  128  101   75   49   24    0    0    0    0    0    0    0
  231  206  180  154  128  101   75   49   24    0    0    0    0    0    0    0
  231  206  180  154  128  101   75   49   24    0    0    0    0    0    0    0


B_bmp(:,:,1) =

   24   49   75  101  127  154  156  157  156  154  128  101   75   49   24    0
   24   49   75  101  127  154  156  157  156  154  128  101   75   49   24    0
   24   49   75  101  127  154  156  157  156  154  128  101   75   49   24    0
   24   49   75  101  127  154  156  157  156  154  128  101   75   49   24    0
   24   49   75  101  127  154  156  157  156  154  128  101   75   49   24    0
   24   49   75  101  127  154  156  157  156  154  128  101   75   49   24    0
   24   49   75  101  127  154  156  157  156  154  128  101   75   49   24    0
   24   49   75  101  127  154  156  157  156  154  128  101   75   49   24    0
   24   49   75  101  127  154  156  157  156  154  128  101   75   49   24    0
   24   49   75  101  127  154  156  157  156  154  128  101   75   49   24    0
   24   49   75  101  127  154  156  157  156  154  128  101   75   49   24    0
   24   49   75  101  127  154  156  157  156  154  128  101   75   49   24    0
   24   49   75  101  127  154  156  157  156  154  128  101   75   49   24    0
   24   49   75  101  127  154  156  157  156  154  128  101   75   49   24    0
   24   49   75  101  127  154  156  157  156  154  128  101   75   49   24    0
   24   49   75  101  127  154  156  157  156  154  128  101   75   49   24    0


B_bmp(:,:,2) =

    0    0    0    0    0    0   24   49   75  101  127  154  180  206  231  255
    0    0    0    0    0    0   24   49   75  101  127  154  180  206  231  255
    0    0    0    0    0    0   24   49   75  101  127  154  180  206  231  255
    0    0    0    0    0    0   24   49   75  101  127  154  180  206  231  255
    0    0    0    0    0    0   24   49   75  101  127  154  180  206  231  255
    0    0    0    0    0    0   24   49   75  101  127  154  180  206  231  255
    0    0    0    0    0    0   24   49   75  101  127  154  180  206  231  255
    0    0    0    0    0    0   24   49   75  101  127  154  180  206  231  255
    0    0    0    0    0    0   24   49   75  101  127  154  180  206  231  255
    0    0    0    0    0    0   24   49   75  101  127  154  180  206  231  255
    0    0    0    0    0    0   24   49   75  101  127  154  180  206  231  255
    0    0    0    0    0    0   24   49   75  101  127  154  180  206  231  255
    0    0    0    0    0    0   24   49   75  101  127  154  180  206  231  255
    0    0    0    0    0    0   24   49   75  101  127  154  180  206  231  255
    0    0    0    0    0    0   24   49   75  101  127  154  180  206  231  255
    0    0    0    0    0    0   24   49   75  101  127  154  180  206  231  255


B_bmp(:,:,3) =

  231  206  180  154  128  101   75   49   24    0    0    0    0    0    0    0
  231  206  180  154  128  101   75   49   24    0    0    0    0    0    0    0
  231  206  180  154  128  101   75   49   24    0    0    0    0    0    0    0
  231  206  180  154  128  101   75   49   24    0    0    0    0    0    0    0
  231  206  180  154  128  101   75   49   24    0    0    0    0    0    0    0
  231  206  180  154  128  101   75   49   24    0    0    0    0    0    0    0
  231  206  180  154  128  101   75   49   24    0    0    0    0    0    0    0
  231  206  180  154  128  101   75   49   24    0    0    0    0    0    0    0
  231  206  180  154  128  101   75   49   24    0    0    0    0    0    0    0
  231  206  180  154  128  101   75   49   24    0    0    0    0    0    0    0
  231  206  180  154  128  101   75   49   24    0    0    0    0    0    0    0
  231  206  180  154  128  101   75   49   24    0    0    0    0    0    0    0
  231  206  180  154  128  101   75   49   24    0    0    0    0    0    0    0
  231  206  180  154  128  101   75   49   24    0    0    0    0    0    0    0
  231  206  180  154  128  101   75   49   24    0    0    0    0    0    0    0
  231  206  180  154  128  101   75   49   24    0    0    0    0    0    0    0


B_tif(:,:,1) =

   24   49   75  101  127  154  156  157  156  154  128  101   75   49   24    0
   24   49   75  101  127  154  156  157  156  154  128  101   75   49   24    0
   24   49   75  101  127  154  156  157  156  154  128  101   75   49   24    0
   24   49   75  101  127  154  156  157  156  154  128  101   75   49   24    0
   24   49   75  101  127  154  156  157  156  154  128  101   75   49   24    0
   24   49   75  101  127  154  156  157  156  154  128  101   75   49   24    0
   24   49   75  101  127  154  156  157  156  154  128  101   75   49   24    0
   24   49   75  101  127  154  156  157  156  154  128  101   75   49   24    0
   24   49   75  101  127  154  156  157  156  154  128  101   75   49   24    0
   24   49   75  101  127  154  156  157  156  154  128  101   75   49   24    0
   24   49   75  101  127  154  156  157  156  154  128  101   75   49   24    0
   24   49   75  101  127  154  156  157  156  154  128  101   75   49   24    0
   24   49   75  101  127  154  156  157  156  154  128  101   75   49   24    0
   24   49   75  101  127  154  156  157  156  154  128  101   75   49   24    0
   24   49   75  101  127  154  156  157  156  154  128  101   75   49   24    0
   24   49   75  101  127  154  156  157  156  154  128  101   75   49   24    0


B_tif(:,:,2) =

    0    0    0    0    0    0   24   49   75  101  127  154  180  206  231  255
    0    0    0    0    0    0   24   49   75  101  127  154  180  206  231  255
    0    0    0    0    0    0   24   49   75  101  127  154  180  206  231  255
    0    0    0    0    0    0   24   49   75  101  127  154  180  206  231  255
    0    0    0    0    0    0   24   49   75  101  127  154  180  206  231  255
    0    0    0    0    0    0   24   49   75  101  127  154  180  206  231  255
    0    0    0    0    0    0   24   49   75  101  127  154  180  206  231  255
    0    0    0    0    0    0   24   49   75  101  127  154  180  206  231  255
    0    0    0    0    0    0   24   49   75  101  127  154  180  206  231  255
    0    0    0    0    0    0   24   49   75  101  127  154  180  206  231  255
    0    0    0    0    0    0   24   49   75  101  127  154  180  206  231  255
    0    0    0    0    0    0   24   49   75  101  127  154  180  206  231  255
    0    0    0    0    0    0   24   49   75  101  127  154  180  206  231  255
    0    0    0    0    0    0   24   49   75  101  127  154  180  206  231  255
    0    0    0    0    0    0   24   49   75  101  127  154  180  206  231  255
    0    0    0    0    0    0   24   49   75  101  127  154  180  206  231  255


B_tif(:,:,3) =

  231  206  180  154  128  101   75   49   24    0    0    0    0    0    0    0
  231  206  180  154  128  101   75   49   24    0    0    0    0    0    0    0
  231  206  180  154  128  101   75   49   24    0    0    0    0    0    0    0
  231  206  180  154  128  101   75   49   24    0    0    0    0    0    0    0
  231  206  180  154  128  101   75   49   24    0    0    0    0    0    0    0
  231  206  180  154  128  101   75   49   24    0    0    0    0    0    0    0
  231  206  180  154  128  101   75   49   24    0    0    0    0    0    0    0
  231  206  180  154  128  101   75   49   24    0    0    0    0    0    0    0
  231  206  180  154  128  101   75   49   24    0    0    0    0    0    0    0
  231  206  180  154  128  101   75   49   24    0    0    0    0    0    0    0
  231  206  180  154  128  101   75   49   24    0    0    0    0    0    0    0
  231  206  180  154  128  101   75   49   24    0    0    0    0    0    0    0
  231  206  180  154  128  101   75   49   24    0    0    0    0    0    0    0
  231  206  180  154  128  101   75   49   24    0    0    0    0    0    0    0
  231  206  180  154  128  101   75   49   24    0    0    0    0    0    0    0
  231  206  180  154  128  101   75   49   24    0    0    0    0    0    0    0


B_tif(:,:,4) =

  255  255  255  255  255  255  255  255  255  255  255  255  255  255  255  255
  255  255  255  255  255  255  255  255  255  255  255  255  255  255  255  255
  255  255  255  255  255  255  255  255  255  255  255  255  255  255  255  255
  255  255  255  255  255  255  255  255  255  255  255  255  255  255  255  255
  255  255  255  255  255  255  255  255  255  255  255  255  255  255  255  255
  255  255  255  255  255  255  255  255  255  255  255  255  255  255  255  255
  255  255  255  255  255  255  255  255  255  255  255  255  255  255  255  255
  255  255  255  255  255  255  255  255  255  255  255  255  255  255  255  255
  255  255  255  255  255  255  255  255  255  255  255  255  255  255  255  255
  255  255  255  255  255  255  255  255  255  255  255  255  255  255  255  255
  255  255  255  255  255  255  255  255  255  255  255  255  255  255  255  255
  255  255  255  255  255  255  255  255  255  255  255  255  255  255  255  255
  255  255  255  255  255  255  255  255  255  255  255  255  255  255  255  255
  255  255  255  255  255  255  255  255  255  255  255  255  255  255  255  255
  255  255  255  255  255  255  255  255  255  255  255  255  255  255  255  255
  255  255  255  255  255  255  255  255  255  255  255  255  255  255  255  255

