 ans  =
 
    1.  
 
-->B_jpeg=cvtColor(A_jpeg,"CV_RGB2YCrCb",0)
 B_jpeg  =
 
 
       B_jpeg(1)
 
   86   86   86   86   86   86   86   86   86   86   86   86   86   86   86   86  
   86   86   86   86   86   86   86   86   86   86   86   86   86   86   86   86  
   86   86   86   86   86   86   86   86   86   86   86   86   86   86   86   86  
  105  105  105  105  105  105  105  105  105  105  105  105  105  105  105  105  
  142  142  142  142  142  142  142  142  142  142  142  142  142  142  142  142  
  189  189  189  189  189  189  189  189  189  189  189  189  189  189  189  189  
  232  232  232  232  232  232  232  232  232  232  232  232  232  232  232  232  
  254  254  254  254  254  254  254  254  254  254  254  254  254  254  254  254  
  254  254  254  254  254  254  254  254  254  254  254  254  254  254  254  254  
  227  227  227  227  227  227  227  227  227  227  227  227  227  227  227  227  
  173  173  173  173  173  173  173  173  173  173  173  173  173  173  173  173  
  123  123  123  123  123  123  123  123  123  123  123  123  123  123  123  123  
   68   68   68   68   68   68   68   68   68   68   68   68   68   68   68   68  
   43   43   43   43   43   43   43   43   43   43   43   43   43   43   43   43  
   43   43   43   43   43   43   43   43   43   43   43   43   43   43   43   43  
   45   45   45   45   45   45   45   45   45   45   45   45   45   45   45   45  
 
       B_jpeg(2)
 
  255  255  255  255  255  255  255  255  255  255  255  255  255  255  255  255  
  254  254  254  254  254  254  254  254  254  254  254  254  254  254  254  254  
  254  254  254  254  254  254  254  254  254  254  254  254  254  254  254  254  
  232  232  232  232  232  232  232  232  232  232  232  232  232  232  232  232  
  191  191  191  191  191  191  191  191  191  191  191  191  191  191  191  191  
  161  161  161  161  161  161  161  161  161  161  161  161  161  161  161  161  
  127  127  127  127  127  127  127  127  127  127  127  127  127  127  127  127  
  109  109  109  109  109  109  109  109  109  109  109  109  109  109  109  109  
  107  107  107  107  107  107  107  107  107  107  107  107  107  107  107  107  
   99   99   99   99   99   99   99   99   99   99   99   99   99   99   99   99  
   92   92   92   92   92   92   92   92   92   92   92   92   92   92   92   92  
   55   55   55   55   55   55   55   55   55   55   55   55   55   55   55   55  
   30   30   30   30   30   30   30   30   30   30   30   30   30   30   30   30  
   21   21   21   21   21   21   21   21   21   21   21   21   21   21   21   21  
   24   24   24   24   24   24   24   24   24   24   24   24   24   24   24   24  
   26   26   26   26   26   26   26   26   26   26   26   26   26   26   26   26  
 
       B_jpeg(3)
 
   77   77   77   77   77   77   77   77   77   77   77   77   77   77   77   77  
   75   75   75   75   75   75   75   75   75   75   75   75   75   75   75   75  
   76   76   76   76   76   76   76   76   76   76   76   76   76   76   76   76  
   67   67   67   67   67   67   67   67   67   67   67   67   67   67   67   67  
   49   49   49   49   49   49   49   49   49   49   49   49   49   49   49   49  
   65   65   65   65   65   65   65   65   65   65   65   65   65   65   65   65  
   43   43   43   43   43   43   43   43   43   43   43   43   43   43   43   43  
   29   29   29   29   29   29   29   29   29   29   29   29   29   29   29   29  
   29   29   29   29   29   29   29   29   29   29   29   29   29   29   29   29  
   41   41   41   41   41   41   41   41   41   41   41   41   41   41   41   41  
   50   50   50   50   50   50   50   50   50   50   50   50   50   50   50   50  
  134  134  134  134  134  134  134  134  134  134  134  134  134  134  134  134  
  143  143  143  143  143  143  143  143  143  143  143  143  143  143  143  143  
  150  150  150  150  150  150  150  150  150  150  150  150  150  150  150  150  
  151  151  151  151  151  151  151  151  151  151  151  151  151  151  151  151  
  150  150  150  150  150  150  150  150  150  150  150  150  150  150  150  150  
 
-->//B_png=cvtColor(A_png,"CV_BGR2HSVb",0)
 
-->B_bmp = cvtColor(A_bmp,"CV_RGB2YCrCb",0)
 B_bmp  =
 
 
       B_bmp(1)
 
   85   85   85   85   85   85   85   85   85   85   85   85   85   85   85   85  
   85   85   85   85   85   85   85   85   85   85   85   85   85   85   85   85  
   85   85   85   85   85   85   85   85   85   85   85   85   85   85   85   85  
   85   85   85   85   85   85   85   85   85   85   85   85   85   85   85   85  
   85   85   85   85   85   85   85   85   85   85   85   85   85   85   85   85  
  255  255  255  255  255  255  255  255  255  255  255  255  255  255  255  255  
  255  255  255  255  255  255  255  255  255  255  255  255  255  255  255  255  
  255  255  255  255  255  255  255  255  255  255  255  255  255  255  255  255  
  255  255  255  255  255  255  255  255  255  255  255  255  255  255  255  255  
  255  255  255  255  255  255  255  255  255  255  255  255  255  255  255  255  
  255  255  255  255  255  255  255  255  255  255  255  255  255  255  255  255  
   43   43   43   43   43   43   43   43   43   43   43   43   43   43   43   43  
   43   43   43   43   43   43   43   43   43   43   43   43   43   43   43   43  
   43   43   43   43   43   43   43   43   43   43   43   43   43   43   43   43  
   43   43   43   43   43   43   43   43   43   43   43   43   43   43   43   43  
   43   43   43   43   43   43   43   43   43   43   43   43   43   43   43   43  
 
       B_bmp(2)
 
  255  255  255  255  255  255  255  255  255  255  255  255  255  255  255  255  
  255  255  255  255  255  255  255  255  255  255  255  255  255  255  255  255  
  255  255  255  255  255  255  255  255  255  255  255  255  255  255  255  255  
  255  255  255  255  255  255  255  255  255  255  255  255  255  255  255  255  
  255  255  255  255  255  255  255  255  255  255  255  255  255  255  255  255  
  107  107  107  107  107  107  107  107  107  107  107  107  107  107  107  107  
  107  107  107  107  107  107  107  107  107  107  107  107  107  107  107  107  
  107  107  107  107  107  107  107  107  107  107  107  107  107  107  107  107  
  107  107  107  107  107  107  107  107  107  107  107  107  107  107  107  107  
  107  107  107  107  107  107  107  107  107  107  107  107  107  107  107  107  
  107  107  107  107  107  107  107  107  107  107  107  107  107  107  107  107  
   21   21   21   21   21   21   21   21   21   21   21   21   21   21   21   21  
   21   21   21   21   21   21   21   21   21   21   21   21   21   21   21   21  
   21   21   21   21   21   21   21   21   21   21   21   21   21   21   21   21  
   21   21   21   21   21   21   21   21   21   21   21   21   21   21   21   21  
   21   21   21   21   21   21   21   21   21   21   21   21   21   21   21   21  
 
       B_bmp(3)
 
   76   76   76   76   76   76   76   76   76   76   76   76   76   76   76   76  
   76   76   76   76   76   76   76   76   76   76   76   76   76   76   76   76  
   76   76   76   76   76   76   76   76   76   76   76   76   76   76   76   76  
   76   76   76   76   76   76   76   76   76   76   76   76   76   76   76   76  
   76   76   76   76   76   76   76   76   76   76   76   76   76   76   76   76  
   29   29   29   29   29   29   29   29   29   29   29   29   29   29   29   29  
   29   29   29   29   29   29   29   29   29   29   29   29   29   29   29   29  
   29   29   29   29   29   29   29   29   29   29   29   29   29   29   29   29  
   29   29   29   29   29   29   29   29   29   29   29   29   29   29   29   29  
   29   29   29   29   29   29   29   29   29   29   29   29   29   29   29   29  
   29   29   29   29   29   29   29   29   29   29   29   29   29   29   29   29  
  150  150  150  150  150  150  150  150  150  150  150  150  150  150  150  150  
  150  150  150  150  150  150  150  150  150  150  150  150  150  150  150  150  
  150  150  150  150  150  150  150  150  150  150  150  150  150  150  150  150  
  150  150  150  150  150  150  150  150  150  150  150  150  150  150  150  150  
  150  150  150  150  150  150  150  150  150  150  150  150  150  150  150  150  
 
-->B_tif=cvtColor(A_tif,"CV_RGB2YCrCb",0)
 B_tif  =
 
 
       B_tif(1)
 
   85   85   85   85   85   85   85   85   85   85   85   85   85   85   85   85  
   85   85   85   85   85   85   85   85   85   85   85   85   85   85   85   85  
   85   85   85   85   85   85   85   85   85   85   85   85   85   85   85   85  
   85   85   85   85   85   85   85   85   85   85   85   85   85   85   85   85  
   85   85   85   85   85   85   85   85   85   85   85   85   85   85   85   85  
  255  255  255  255  255  255  255  255  255  255  255  255  255  255  255  255  
  255  255  255  255  255  255  255  255  255  255  255  255  255  255  255  255  
  255  255  255  255  255  255  255  255  255  255  255  255  255  255  255  255  
  255  255  255  255  255  255  255  255  255  255  255  255  255  255  255  255  
  255  255  255  255  255  255  255  255  255  255  255  255  255  255  255  255  
  255  255  255  255  255  255  255  255  255  255  255  255  255  255  255  255  
   43   43   43   43   43   43   43   43   43   43   43   43   43   43   43   43  
   43   43   43   43   43   43   43   43   43   43   43   43   43   43   43   43  
   43   43   43   43   43   43   43   43   43   43   43   43   43   43   43   43  
   43   43   43   43   43   43   43   43   43   43   43   43   43   43   43   43  
   43   43   43   43   43   43   43   43   43   43   43   43   43   43   43   43  
 
       B_tif(2)
 
  255  255  255  255  255  255  255  255  255  255  255  255  255  255  255  255  
  255  255  255  255  255  255  255  255  255  255  255  255  255  255  255  255  
  255  255  255  255  255  255  255  255  255  255  255  255  255  255  255  255  
  255  255  255  255  255  255  255  255  255  255  255  255  255  255  255  255  
  255  255  255  255  255  255  255  255  255  255  255  255  255  255  255  255  
  107  107  107  107  107  107  107  107  107  107  107  107  107  107  107  107  
  107  107  107  107  107  107  107  107  107  107  107  107  107  107  107  107  
  107  107  107  107  107  107  107  107  107  107  107  107  107  107  107  107  
  107  107  107  107  107  107  107  107  107  107  107  107  107  107  107  107  
  107  107  107  107  107  107  107  107  107  107  107  107  107  107  107  107  
  107  107  107  107  107  107  107  107  107  107  107  107  107  107  107  107  
   21   21   21   21   21   21   21   21   21   21   21   21   21   21   21   21  
   21   21   21   21   21   21   21   21   21   21   21   21   21   21   21   21  
   21   21   21   21   21   21   21   21   21   21   21   21   21   21   21   21  
   21   21   21   21   21   21   21   21   21   21   21   21   21   21   21   21  
   21   21   21   21   21   21   21   21   21   21   21   21   21   21   21   21  
 
       B_tif(3)
 
   76   76   76   76   76   76   76   76   76   76   76   76   76   76   76   76  
   76   76   76   76   76   76   76   76   76   76   76   76   76   76   76   76  
   76   76   76   76   76   76   76   76   76   76   76   76   76   76   76   76  
   76   76   76   76   76   76   76   76   76   76   76   76   76   76   76   76  
   76   76   76   76   76   76   76   76   76   76   76   76   76   76   76   76  
   29   29   29   29   29   29   29   29   29   29   29   29   29   29   29   29  
   29   29   29   29   29   29   29   29   29   29   29   29   29   29   29   29  
   29   29   29   29   29   29   29   29   29   29   29   29   29   29   29   29  
   29   29   29   29   29   29   29   29   29   29   29   29   29   29   29   29  
   29   29   29   29   29   29   29   29   29   29   29   29   29   29   29   29  
   29   29   29   29   29   29   29   29   29   29   29   29   29   29   29   29  
  150  150  150  150  150  150  150  150  150  150  150  150  150  150  150  150  
  150  150  150  150  150  150  150  150  150  150  150  150  150  150  150  150  
  150  150  150  150  150  150  150  150  150  150  150  150  150  150  150  150  
  150  150  150  150  150  150  150  150  150  150  150  150  150  150  150  150  
  150  150  150  150  150  150  150  150  150  150  150  150  150  150  150  150  
 
-->diary(0)
