 ans  =
 
    1.  
 
-->C_jpeg=cvtColor(A_jpeg,"CV_XYZ2BGR",0)
 C_jpeg  =
 
 
       C_jpeg(1)
 
  255  255  255  255  255  255  255  255  255  255  255  255  255  255  255  255  
  255  255  255  255  255  255  255  255  255  255  255  255  255  255  255  255  
  255  255  255  255  255  255  255  255  255  255  255  255  255  255  255  255  
  255  255  255  255  255  255  255  255  255  255  255  255  255  255  255  255  
  255  255  255  255  255  255  255  255  255  255  255  255  255  255  255  255  
  241  241  241  241  241  241  241  241  241  241  241  241  241  241  241  241  
   12   12   12   12   12   12   12   12   12   12   12   12   12   12   12   12  
    0    0    0    0    0    0    0    0    0    0    0    0    0    0    0    0  
    0    0    0    0    0    0    0    0    0    0    0    0    0    0    0    0  
    0    0    0    0    0    0    0    0    0    0    0    0    0    0    0    0  
    0    0    0    0    0    0    0    0    0    0    0    0    0    0    0    0  
    0    0    0    0    0    0    0    0    0    0    0    0    0    0    0    0  
    0    0    0    0    0    0    0    0    0    0    0    0    0    0    0    0  
    0    0    0    0    0    0    0    0    0    0    0    0    0    0    0    0  
    0    0    0    0    0    0    0    0    0    0    0    0    0    0    0    0  
    0    0    0    0    0    0    0    0    0    0    0    0    0    0    0    0  
 
       C_jpeg(2)
 
    0    0    0    0    0    0    0    0    0    0    0    0    0    0    0    0  
    0    0    0    0    0    0    0    0    0    0    0    0    0    0    0    0  
    0    0    0    0    0    0    0    0    0    0    0    0    0    0    0    0  
    0    0    0    0    0    0    0    0    0    0    0    0    0    0    0    0  
    0    0    0    0    0    0    0    0    0    0    0    0    0    0    0    0  
    0    0    0    0    0    0    0    0    0    0    0    0    0    0    0    0  
    0    0    0    0    0    0    0    0    0    0    0    0    0    0    0    0  
    9    9    9    9    9    9    9    9    9    9    9    9    9    9    9    9  
   11   11   11   11   11   11   11   11   11   11   11   11   11   11   11   11  
   60   60   60   60   60   60   60   60   60   60   60   60   60   60   60   60  
  118  118  118  118  118  118  118  118  118  118  118  118  118  118  118  118  
  255  255  255  255  255  255  255  255  255  255  255  255  255  255  255  255  
  255  255  255  255  255  255  255  255  255  255  255  255  255  255  255  255  
  255  255  255  255  255  255  255  255  255  255  255  255  255  255  255  255  
  255  255  255  255  255  255  255  255  255  255  255  255  255  255  255  255  
  255  255  255  255  255  255  255  255  255  255  255  255  255  255  255  255  
 
       C_jpeg(3)
 
   17   17   17   17   17   17   17   17   17   17   17   17   17   17   17   17  
   15   15   15   15   15   15   15   15   15   15   15   15   15   15   15   15  
   16   16   16   16   16   16   16   16   16   16   16   16   16   16   16   16  
   39   39   39   39   39   39   39   39   39   39   39   39   39   39   39   39  
   86   86   86   86   86   86   86   86   86   86   86   86   86   86   86   86  
  186  186  186  186  186  186  186  186  186  186  186  186  186  186  186  186  
  241  241  241  241  241  241  241  241  241  241  241  241  241  241  241  241  
  255  255  255  255  255  255  255  255  255  255  255  255  255  255  255  255  
  255  255  255  255  255  255  255  255  255  255  255  255  255  255  255  255  
  224  224  224  224  224  224  224  224  224  224  224  224  224  224  224  224  
  125  125  125  125  125  125  125  125  125  125  125  125  125  125  125  125  
   97   97   97   97   97   97   97   97   97   97   97   97   97   97   97   97  
    0    0    0    0    0    0    0    0    0    0    0    0    0    0    0    0  
    0    0    0    0    0    0    0    0    0    0    0    0    0    0    0    0  
    0    0    0    0    0    0    0    0    0    0    0    0    0    0    0    0  
    0    0    0    0    0    0    0    0    0    0    0    0    0    0    0    0  
 
-->//B_png=cvtColor(A_png,"CV_XYZ2BGR",0)
 
-->C_bmp = cvtColor(A_bmp,"CV_XYZ2BGR",0)
 C_bmp  =
 
 
       C_bmp(1)
 
  255  255  255  255  255  255  255  255  255  255  255  255  255  255  255  255  
  255  255  255  255  255  255  255  255  255  255  255  255  255  255  255  255  
  255  255  255  255  255  255  255  255  255  255  255  255  255  255  255  255  
  255  255  255  255  255  255  255  255  255  255  255  255  255  255  255  255  
  255  255  255  255  255  255  255  255  255  255  255  255  255  255  255  255  
    0    0    0    0    0    0    0    0    0    0    0    0    0    0    0    0  
    0    0    0    0    0    0    0    0    0    0    0    0    0    0    0    0  
    0    0    0    0    0    0    0    0    0    0    0    0    0    0    0    0  
    0    0    0    0    0    0    0    0    0    0    0    0    0    0    0    0  
    0    0    0    0    0    0    0    0    0    0    0    0    0    0    0    0  
    0    0    0    0    0    0    0    0    0    0    0    0    0    0    0    0  
    0    0    0    0    0    0    0    0    0    0    0    0    0    0    0    0  
    0    0    0    0    0    0    0    0    0    0    0    0    0    0    0    0  
    0    0    0    0    0    0    0    0    0    0    0    0    0    0    0    0  
    0    0    0    0    0    0    0    0    0    0    0    0    0    0    0    0  
    0    0    0    0    0    0    0    0    0    0    0    0    0    0    0    0  
 
       C_bmp(2)
 
    0    0    0    0    0    0    0    0    0    0    0    0    0    0    0    0  
    0    0    0    0    0    0    0    0    0    0    0    0    0    0    0    0  
    0    0    0    0    0    0    0    0    0    0    0    0    0    0    0    0  
    0    0    0    0    0    0    0    0    0    0    0    0    0    0    0    0  
    0    0    0    0    0    0    0    0    0    0    0    0    0    0    0    0  
   11   11   11   11   11   11   11   11   11   11   11   11   11   11   11   11  
   11   11   11   11   11   11   11   11   11   11   11   11   11   11   11   11  
   11   11   11   11   11   11   11   11   11   11   11   11   11   11   11   11  
   11   11   11   11   11   11   11   11   11   11   11   11   11   11   11   11  
   11   11   11   11   11   11   11   11   11   11   11   11   11   11   11   11  
   11   11   11   11   11   11   11   11   11   11   11   11   11   11   11   11  
  255  255  255  255  255  255  255  255  255  255  255  255  255  255  255  255  
  255  255  255  255  255  255  255  255  255  255  255  255  255  255  255  255  
  255  255  255  255  255  255  255  255  255  255  255  255  255  255  255  255  
  255  255  255  255  255  255  255  255  255  255  255  255  255  255  255  255  
  255  255  255  255  255  255  255  255  255  255  255  255  255  255  255  255  
 
       C_bmp(3)
 
   14   14   14   14   14   14   14   14   14   14   14   14   14   14   14   14  
   14   14   14   14   14   14   14   14   14   14   14   14   14   14   14   14  
   14   14   14   14   14   14   14   14   14   14   14   14   14   14   14   14  
   14   14   14   14   14   14   14   14   14   14   14   14   14   14   14   14  
   14   14   14   14   14   14   14   14   14   14   14   14   14   14   14   14  
  255  255  255  255  255  255  255  255  255  255  255  255  255  255  255  255  
  255  255  255  255  255  255  255  255  255  255  255  255  255  255  255  255  
  255  255  255  255  255  255  255  255  255  255  255  255  255  255  255  255  
  255  255  255  255  255  255  255  255  255  255  255  255  255  255  255  255  
  255  255  255  255  255  255  255  255  255  255  255  255  255  255  255  255  
  255  255  255  255  255  255  255  255  255  255  255  255  255  255  255  255  
    0    0    0    0    0    0    0    0    0    0    0    0    0    0    0    0  
    0    0    0    0    0    0    0    0    0    0    0    0    0    0    0    0  
    0    0    0    0    0    0    0    0    0    0    0    0    0    0    0    0  
    0    0    0    0    0    0    0    0    0    0    0    0    0    0    0    0  
    0    0    0    0    0    0    0    0    0    0    0    0    0    0    0    0  
 
-->C_tif=cvtColor(A_tif,"CV_XYZ2BGR",0)
 C_tif  =
 
 
       C_tif(1)
 
  255  255  255  255  255  255  255  255  255  255  255  255  255  255  255  255  
  255  255  255  255  255  255  255  255  255  255  255  255  255  255  255  255  
  255  255  255  255  255  255  255  255  255  255  255  255  255  255  255  255  
  255  255  255  255  255  255  255  255  255  255  255  255  255  255  255  255  
  255  255  255  255  255  255  255  255  255  255  255  255  255  255  255  255  
    0    0    0    0    0    0    0    0    0    0    0    0    0    0    0    0  
    0    0    0    0    0    0    0    0    0    0    0    0    0    0    0    0  
    0    0    0    0    0    0    0    0    0    0    0    0    0    0    0    0  
    0    0    0    0    0    0    0    0    0    0    0    0    0    0    0    0  
    0    0    0    0    0    0    0    0    0    0    0    0    0    0    0    0  
    0    0    0    0    0    0    0    0    0    0    0    0    0    0    0    0  
    0    0    0    0    0    0    0    0    0    0    0    0    0    0    0    0  
    0    0    0    0    0    0    0    0    0    0    0    0    0    0    0    0  
    0    0    0    0    0    0    0    0    0    0    0    0    0    0    0    0  
    0    0    0    0    0    0    0    0    0    0    0    0    0    0    0    0  
    0    0    0    0    0    0    0    0    0    0    0    0    0    0    0    0  
 
       C_tif(2)
 
    0    0    0    0    0    0    0    0    0    0    0    0    0    0    0    0  
    0    0    0    0    0    0    0    0    0    0    0    0    0    0    0    0  
    0    0    0    0    0    0    0    0    0    0    0    0    0    0    0    0  
    0    0    0    0    0    0    0    0    0    0    0    0    0    0    0    0  
    0    0    0    0    0    0    0    0    0    0    0    0    0    0    0    0  
   11   11   11   11   11   11   11   11   11   11   11   11   11   11   11   11  
   11   11   11   11   11   11   11   11   11   11   11   11   11   11   11   11  
   11   11   11   11   11   11   11   11   11   11   11   11   11   11   11   11  
   11   11   11   11   11   11   11   11   11   11   11   11   11   11   11   11  
   11   11   11   11   11   11   11   11   11   11   11   11   11   11   11   11  
   11   11   11   11   11   11   11   11   11   11   11   11   11   11   11   11  
  255  255  255  255  255  255  255  255  255  255  255  255  255  255  255  255  
  255  255  255  255  255  255  255  255  255  255  255  255  255  255  255  255  
  255  255  255  255  255  255  255  255  255  255  255  255  255  255  255  255  
  255  255  255  255  255  255  255  255  255  255  255  255  255  255  255  255  
  255  255  255  255  255  255  255  255  255  255  255  255  255  255  255  255  
 
       C_tif(3)
 
   14   14   14   14   14   14   14   14   14   14   14   14   14   14   14   14  
   14   14   14   14   14   14   14   14   14   14   14   14   14   14   14   14  
   14   14   14   14   14   14   14   14   14   14   14   14   14   14   14   14  
   14   14   14   14   14   14   14   14   14   14   14   14   14   14   14   14  
   14   14   14   14   14   14   14   14   14   14   14   14   14   14   14   14  
  255  255  255  255  255  255  255  255  255  255  255  255  255  255  255  255  
  255  255  255  255  255  255  255  255  255  255  255  255  255  255  255  255  
  255  255  255  255  255  255  255  255  255  255  255  255  255  255  255  255  
  255  255  255  255  255  255  255  255  255  255  255  255  255  255  255  255  
  255  255  255  255  255  255  255  255  255  255  255  255  255  255  255  255  
  255  255  255  255  255  255  255  255  255  255  255  255  255  255  255  255  
    0    0    0    0    0    0    0    0    0    0    0    0    0    0    0    0  
    0    0    0    0    0    0    0    0    0    0    0    0    0    0    0    0  
    0    0    0    0    0    0    0    0    0    0    0    0    0    0    0    0  
    0    0    0    0    0    0    0    0    0    0    0    0    0    0    0    0  
    0    0    0    0    0    0    0    0    0    0    0    0    0    0    0    0  
 
-->diary(0)
