
B_jpeg =

  Columns 1 through 11

     1     1     1     1     1     1     1     1     1     1     1
     1     1     1     1     1     1     1     1     1     1     1
     1     1     1     1     1     1     1     1     1     1     1
     1     1     1     1     1     1     1     1     1     1     1
     1     1     1     1     1     1     1     1     1     1     1
     1     1     1     1     1     1     1     1     1     1     1
     1     1     1     1     1     1     1     1     1     1     1
     1     1     1     1     1     1     1     1     1     1     1
     1     1     1     1     1     1     1     1     1     1     1
     1     1     1     1     1     1     1     1     1     1     1
     1     1     1     1     1     1     1     1     1     1     1
     1     1     1     1     1     1     1     1     1     1     1
     1     1     1     1     1     1     1     1     1     1     1
     1     1     1     1     1     1     1     1     1     1     1
     1     1     1     1     1     1     1     1     1     1     1
     1     1     1     1     1     1     1     1     1     1     1

  Columns 12 through 16

     1     1     1     1     1
     1     1     1     1     1
     1     1     1     1     1
     1     1     1     1     1
     1     1     1     1     1
     1     1     1     1     1
     1     1     1     1     1
     1     1     1     1     1
     1     1     1     1     1
     1     1     1     1     1
     1     1     1     1     1
     1     1     1     1     1
     1     1     1     1     1
     1     1     1     1     1
     1     1     1     1     1
     1     1     1     1     1


B_png =

  Columns 1 through 11

     1     1     1     1     1     1     1     1     1     1     1
     1     1     1     1     1     1     1     1     1     1     1
     1     1     1     1     1     1     1     1     1     1     1
     1     1     1     1     1     1     1     1     1     1     1
     1     1     1     1     1     1     1     1     1     1     1
     1     1     1     1     1     1     1     1     1     1     1
     1     1     1     1     1     1     1     1     1     1     1
     1     1     1     1     1     1     1     1     1     1     1
     1     1     1     1     1     1     1     1     1     1     1
     1     1     1     1     1     1     1     1     1     1     1
     1     1     1     1     1     1     1     1     1     1     1
     1     1     1     1     1     1     1     1     1     1     1
     1     1     1     1     1     1     1     1     1     1     1
     1     1     1     1     1     1     1     1     1     1     1
     1     1     1     1     1     1     1     1     1     1     1
     1     1     1     1     1     1     1     1     1     1     1

  Columns 12 through 16

     1     1     1     1     1
     1     1     1     1     1
     1     1     1     1     1
     1     1     1     1     1
     1     1     1     1     1
     1     1     1     1     1
     1     1     1     1     1
     1     1     1     1     1
     1     1     1     1     1
     1     1     1     1     1
     1     1     1     1     1
     1     1     1     1     1
     1     1     1     1     1
     1     1     1     1     1
     1     1     1     1     1
     1     1     1     1     1


B_bmp =

  Columns 1 through 11

     1     1     1     1     1     1     1     1     1     1     1
     1     1     1     1     1     1     1     1     1     1     1
     1     1     1     1     1     1     1     1     1     1     1
     1     1     1     1     1     1     1     1     1     1     1
     1     1     1     1     1     1     1     1     1     1     1
     1     1     1     1     1     1     1     1     1     1     1
     1     1     1     1     1     1     1     1     1     1     1
     1     1     1     1     1     1     1     1     1     1     1
     1     1     1     1     1     1     1     1     1     1     1
     1     1     1     1     1     1     1     1     1     1     1
     1     1     1     1     1     1     1     1     1     1     1
     1     1     1     1     1     1     1     1     1     1     1
     1     1     1     1     1     1     1     1     1     1     1
     1     1     1     1     1     1     1     1     1     1     1
     1     1     1     1     1     1     1     1     1     1     1
     1     1     1     1     1     1     1     1     1     1     1

  Columns 12 through 16

     1     1     1     1     1
     1     1     1     1     1
     1     1     1     1     1
     1     1     1     1     1
     1     1     1     1     1
     1     1     1     1     1
     1     1     1     1     1
     1     1     1     1     1
     1     1     1     1     1
     1     1     1     1     1
     1     1     1     1     1
     1     1     1     1     1
     1     1     1     1     1
     1     1     1     1     1
     1     1     1     1     1
     1     1     1     1     1


B_tif =

  Columns 1 through 11

     1     1     1     1     1     1     1     1     1     1     1
     1     1     1     1     1     1     1     1     1     1     1
     1     1     1     1     1     1     1     1     1     1     1
     1     1     1     1     1     1     1     1     1     1     1
     1     1     1     1     1     1     1     1     1     1     1
     1     1     1     1     1     1     1     1     1     1     1
     1     1     1     1     1     1     1     1     1     1     1
     1     1     1     1     1     1     1     1     1     1     1
     1     1     1     1     1     1     1     1     1     1     1
     1     1     1     1     1     1     1     1     1     1     1
     1     1     1     1     1     1     1     1     1     1     1
     1     1     1     1     1     1     1     1     1     1     1
     1     1     1     1     1     1     1     1     1     1     1
     1     1     1     1     1     1     1     1     1     1     1
     1     1     1     1     1     1     1     1     1     1     1
     1     1     1     1     1     1     1     1     1     1     1

  Columns 12 through 16

     1     1     1     1     1
     1     1     1     1     1
     1     1     1     1     1
     1     1     1     1     1
     1     1     1     1     1
     1     1     1     1     1
     1     1     1     1     1
     1     1     1     1     1
     1     1     1     1     1
     1     1     1     1     1
     1     1     1     1     1
     1     1     1     1     1
     1     1     1     1     1
     1     1     1     1     1
     1     1     1     1     1
     1     1     1     1     1

