 ans  =
 
    1.  
 
-->C_jpeg=cvtColor(B_jpeg,"CV_Luv2BGR",0)
 C_jpeg  =
 
 
       C_jpeg(1)
 
    8    8    8    8    8    8    8    8    8    8    8    8    8    8    8    8  
    3    3    3    3    3    3    3    3    3    3    3    3    3    3    3    3  
   11   11   11   11   11   11   11   11   11   11   11   11   11   11   11   11  
   27   27   27   27   27   27   27   27   27   27   27   27   27   27   27   27  
   75   75   75   75   75   75   75   75   75   75   75   75   75   75   75   75  
  175  175  175  175  175  175  175  175  175  175  175  175  175  175  175  175  
  227  227  227  227  227  227  227  227  227  227  227  227  227  227  227  227  
  252  252  252  252  252  252  252  252  252  252  252  252  252  252  252  252  
  254  254  254  254  254  254  254  254  254  254  254  254  254  254  254  254  
  217  217  217  217  217  217  217  217  217  217  217  217  217  217  217  217  
  131  131  131  131  131  131  131  131  131  131  131  131  131  131  131  131  
  125  125  125  125  125  125  125  125  125  125  125  125  125  125  125  125  
   40   40   40   40   40   40   40   40   40   40   40   40   40   40   40   40  
   13   13   13   13   13   13   13   13   13   13   13   13   13   13   13   13  
    5    5    5    5    5    5    5    5    5    5    5    5    5    5    5    5  
   19   19   19   19   19   19   19   19   19   19   19   19   19   19   19   19  
 
       C_jpeg(2)
 
    0    0    0    0    0    0    0    0    0    0    0    0    0    0    0    0  
    0    0    0    0    0    0    0    0    0    0    0    0    0    0    0    0  
    2    2    2    2    2    2    2    2    2    2    2    2    2    2    2    2  
    0    0    0    0    0    0    0    0    0    0    0    0    0    0    0    0  
    0    0    0    0    0    0    0    0    0    0    0    0    0    0    0    0  
   21   21   21   21   21   21   21   21   21   21   21   21   21   21   21   21  
    5    5    5    5    5    5    5    5    5    5    5    5    5    5    5    5  
    0    0    0    0    0    0    0    0    0    0    0    0    0    0    0    0  
    0    0    0    0    0    0    0    0    0    0    0    0    0    0    0    0  
   25   25   25   25   25   25   25   25   25   25   25   25   25   25   25   25  
   60   60   60   60   60   60   60   60   60   60   60   60   60   60   60   60  
  187  187  187  187  187  187  187  187  187  187  187  187  187  187  187  187  
  234  234  234  234  234  234  234  234  234  234  234  234  234  234  234  234  
  255  255  255  255  255  255  255  255  255  255  255  255  255  255  255  255  
  254  254  254  254  254  254  254  254  254  254  254  254  254  254  254  254  
  251  251  251  251  251  251  251  251  251  251  251  251  251  251  251  251  
 
       C_jpeg(3)
 
  254  254  254  254  254  254  254  254  254  254  254  254  254  254  254  254  
  253  253  253  253  253  253  253  253  253  253  253  253  253  253  253  253  
  252  252  252  252  252  252  252  252  252  252  252  252  252  252  252  252  
  214  214  214  214  214  214  214  214  214  214  214  214  214  214  214  214  
  137  137  137  137  137  137  137  137  137  137  137  137  137  137  137  137  
  111  111  111  111  111  111  111  111  111  111  111  111  111  111  111  111  
   42   42   42   42   42   42   42   42   42   42   42   42   42   42   42   42  
    6    6    6    6    6    6    6    6    6    6    6    6    6    6    6    6  
    0    0    0    0    0    0    0    0    0    0    0    0    0    0    0    0  
    1    1    1    1    1    1    1    1    1    1    1    1    1    1    1    1  
    2    2    2    2    2    2    2    2    2    2    2    2    2    2    2    2  
   30   30   30   30   30   30   30   30   30   30   30   30   30   30   30   30  
   10   10   10   10   10   10   10   10   10   10   10   10   10   10   10   10  
   10   10   10   10   10   10   10   10   10   10   10   10   10   10   10   10  
    1    1    1    1    1    1    1    1    1    1    1    1    1    1    1    1  
    0    0    0    0    0    0    0    0    0    0    0    0    0    0    0    0  
 
-->//B_png=cvtColor(B_png,"CV_Lab2BRG",0)
 
-->C_bmp = cvtColor(B_bmp,"CV_Luv2BGR",0)
 C_bmp  =
 
 
       C_bmp(1)
 
    8    8    8    8    8    8    8    8    8    8    8    8    8    8    8    8  
    8    8    8    8    8    8    8    8    8    8    8    8    8    8    8    8  
    8    8    8    8    8    8    8    8    8    8    8    8    8    8    8    8  
    8    8    8    8    8    8    8    8    8    8    8    8    8    8    8    8  
    8    8    8    8    8    8    8    8    8    8    8    8    8    8    8    8  
  255  255  255  255  255  255  255  255  255  255  255  255  255  255  255  255  
  255  255  255  255  255  255  255  255  255  255  255  255  255  255  255  255  
  255  255  255  255  255  255  255  255  255  255  255  255  255  255  255  255  
  255  255  255  255  255  255  255  255  255  255  255  255  255  255  255  255  
  255  255  255  255  255  255  255  255  255  255  255  255  255  255  255  255  
  255  255  255  255  255  255  255  255  255  255  255  255  255  255  255  255  
   13   13   13   13   13   13   13   13   13   13   13   13   13   13   13   13  
   13   13   13   13   13   13   13   13   13   13   13   13   13   13   13   13  
   13   13   13   13   13   13   13   13   13   13   13   13   13   13   13   13  
   13   13   13   13   13   13   13   13   13   13   13   13   13   13   13   13  
   13   13   13   13   13   13   13   13   13   13   13   13   13   13   13   13  
 
       C_bmp(2)
 
    0    0    0    0    0    0    0    0    0    0    0    0    0    0    0    0  
    0    0    0    0    0    0    0    0    0    0    0    0    0    0    0    0  
    0    0    0    0    0    0    0    0    0    0    0    0    0    0    0    0  
    0    0    0    0    0    0    0    0    0    0    0    0    0    0    0    0  
    0    0    0    0    0    0    0    0    0    0    0    0    0    0    0    0  
    0    0    0    0    0    0    0    0    0    0    0    0    0    0    0    0  
    0    0    0    0    0    0    0    0    0    0    0    0    0    0    0    0  
    0    0    0    0    0    0    0    0    0    0    0    0    0    0    0    0  
    0    0    0    0    0    0    0    0    0    0    0    0    0    0    0    0  
    0    0    0    0    0    0    0    0    0    0    0    0    0    0    0    0  
    0    0    0    0    0    0    0    0    0    0    0    0    0    0    0    0  
  255  255  255  255  255  255  255  255  255  255  255  255  255  255  255  255  
  255  255  255  255  255  255  255  255  255  255  255  255  255  255  255  255  
  255  255  255  255  255  255  255  255  255  255  255  255  255  255  255  255  
  255  255  255  255  255  255  255  255  255  255  255  255  255  255  255  255  
  255  255  255  255  255  255  255  255  255  255  255  255  255  255  255  255  
 
       C_bmp(3)
 
  254  254  254  254  254  254  254  254  254  254  254  254  254  254  254  254  
  254  254  254  254  254  254  254  254  254  254  254  254  254  254  254  254  
  254  254  254  254  254  254  254  254  254  254  254  254  254  254  254  254  
  254  254  254  254  254  254  254  254  254  254  254  254  254  254  254  254  
  254  254  254  254  254  254  254  254  254  254  254  254  254  254  254  254  
    1    1    1    1    1    1    1    1    1    1    1    1    1    1    1    1  
    1    1    1    1    1    1    1    1    1    1    1    1    1    1    1    1  
    1    1    1    1    1    1    1    1    1    1    1    1    1    1    1    1  
    1    1    1    1    1    1    1    1    1    1    1    1    1    1    1    1  
    1    1    1    1    1    1    1    1    1    1    1    1    1    1    1    1  
    1    1    1    1    1    1    1    1    1    1    1    1    1    1    1    1  
   10   10   10   10   10   10   10   10   10   10   10   10   10   10   10   10  
   10   10   10   10   10   10   10   10   10   10   10   10   10   10   10   10  
   10   10   10   10   10   10   10   10   10   10   10   10   10   10   10   10  
   10   10   10   10   10   10   10   10   10   10   10   10   10   10   10   10  
   10   10   10   10   10   10   10   10   10   10   10   10   10   10   10   10  
 
-->C_tif=cvtColor(B_tif,"CV_Luv2BGR",0)
 C_tif  =
 
 
       C_tif(1)
 
    8    8    8    8    8    8    8    8    8    8    8    8    8    8    8    8  
    8    8    8    8    8    8    8    8    8    8    8    8    8    8    8    8  
    8    8    8    8    8    8    8    8    8    8    8    8    8    8    8    8  
    8    8    8    8    8    8    8    8    8    8    8    8    8    8    8    8  
    8    8    8    8    8    8    8    8    8    8    8    8    8    8    8    8  
  255  255  255  255  255  255  255  255  255  255  255  255  255  255  255  255  
  255  255  255  255  255  255  255  255  255  255  255  255  255  255  255  255  
  255  255  255  255  255  255  255  255  255  255  255  255  255  255  255  255  
  255  255  255  255  255  255  255  255  255  255  255  255  255  255  255  255  
  255  255  255  255  255  255  255  255  255  255  255  255  255  255  255  255  
  255  255  255  255  255  255  255  255  255  255  255  255  255  255  255  255  
   13   13   13   13   13   13   13   13   13   13   13   13   13   13   13   13  
   13   13   13   13   13   13   13   13   13   13   13   13   13   13   13   13  
   13   13   13   13   13   13   13   13   13   13   13   13   13   13   13   13  
   13   13   13   13   13   13   13   13   13   13   13   13   13   13   13   13  
   13   13   13   13   13   13   13   13   13   13   13   13   13   13   13   13  
 
       C_tif(2)
 
    0    0    0    0    0    0    0    0    0    0    0    0    0    0    0    0  
    0    0    0    0    0    0    0    0    0    0    0    0    0    0    0    0  
    0    0    0    0    0    0    0    0    0    0    0    0    0    0    0    0  
    0    0    0    0    0    0    0    0    0    0    0    0    0    0    0    0  
    0    0    0    0    0    0    0    0    0    0    0    0    0    0    0    0  
    0    0    0    0    0    0    0    0    0    0    0    0    0    0    0    0  
    0    0    0    0    0    0    0    0    0    0    0    0    0    0    0    0  
    0    0    0    0    0    0    0    0    0    0    0    0    0    0    0    0  
    0    0    0    0    0    0    0    0    0    0    0    0    0    0    0    0  
    0    0    0    0    0    0    0    0    0    0    0    0    0    0    0    0  
    0    0    0    0    0    0    0    0    0    0    0    0    0    0    0    0  
  255  255  255  255  255  255  255  255  255  255  255  255  255  255  255  255  
  255  255  255  255  255  255  255  255  255  255  255  255  255  255  255  255  
  255  255  255  255  255  255  255  255  255  255  255  255  255  255  255  255  
  255  255  255  255  255  255  255  255  255  255  255  255  255  255  255  255  
  255  255  255  255  255  255  255  255  255  255  255  255  255  255  255  255  
 
       C_tif(3)
 
  254  254  254  254  254  254  254  254  254  254  254  254  254  254  254  254  
  254  254  254  254  254  254  254  254  254  254  254  254  254  254  254  254  
  254  254  254  254  254  254  254  254  254  254  254  254  254  254  254  254  
  254  254  254  254  254  254  254  254  254  254  254  254  254  254  254  254  
  254  254  254  254  254  254  254  254  254  254  254  254  254  254  254  254  
    1    1    1    1    1    1    1    1    1    1    1    1    1    1    1    1  
    1    1    1    1    1    1    1    1    1    1    1    1    1    1    1    1  
    1    1    1    1    1    1    1    1    1    1    1    1    1    1    1    1  
    1    1    1    1    1    1    1    1    1    1    1    1    1    1    1    1  
    1    1    1    1    1    1    1    1    1    1    1    1    1    1    1    1  
    1    1    1    1    1    1    1    1    1    1    1    1    1    1    1    1  
   10   10   10   10   10   10   10   10   10   10   10   10   10   10   10   10  
   10   10   10   10   10   10   10   10   10   10   10   10   10   10   10   10  
   10   10   10   10   10   10   10   10   10   10   10   10   10   10   10   10  
   10   10   10   10   10   10   10   10   10   10   10   10   10   10   10   10  
   10   10   10   10   10   10   10   10   10   10   10   10   10   10   10   10  
 
-->diary(0)
