 ans  =
 
    1.  
 
-->A_jpeg=imread("color.jpeg")
 A_jpeg  =
 
 
       A_jpeg(1)
 
    3    3    3    3    3    3    3    3    3    3    3    3    3    3    3    3  
    1    1    1    1    1    1    1    1    1    1    1    1    1    1    1    1  
    2    2    2    2    2    2    2    2    2    2    2    2    2    2    2    2  
   26   26   26   26   26   26   26   26   26   26   26   26   26   26   26   26  
   74   74   74   74   74   74   74   74   74   74   74   74   74   74   74   74  
  174  174  174  174  174  174  174  174  174  174  174  174  174  174  174  174  
  227  227  227  227  227  227  227  227  227  227  227  227  227  227  227  227  
  252  252  252  252  252  252  252  252  252  252  252  252  252  252  252  252  
  253  253  253  253  253  253  253  253  253  253  253  253  253  253  253  253  
  217  217  217  217  217  217  217  217  217  217  217  217  217  217  217  217  
  130  130  130  130  130  130  130  130  130  130  130  130  130  130  130  130  
  126  126  126  126  126  126  126  126  126  126  126  126  126  126  126  126  
   37   37   37   37   37   37   37   37   37   37   37   37   37   37   37   37  
    0    0    0    0    0    0    0    0    0    0    0    0    0    0    0    0  
    1    1    1    1    1    1    1    1    1    1    1    1    1    1    1    1  
    3    3    3    3    3    3    3    3    3    3    3    3    3    3    3    3  
 
       A_jpeg(2)
 
    0    0    0    0    0    0    0    0    0    0    0    0    0    0    0    0  
    0    0    0    0    0    0    0    0    0    0    0    0    0    0    0    0  
    1    1    1    1    1    1    1    1    1    1    1    1    1    1    1    1  
    0    0    0    0    0    0    0    0    0    0    0    0    0    0    0    0  
    0    0    0    0    0    0    0    0    0    0    0    0    0    0    0    0  
   21   21   21   21   21   21   21   21   21   21   21   21   21   21   21   21  
    7    7    7    7    7    7    7    7    7    7    7    7    7    7    7    7  
    0    0    0    0    0    0    0    0    0    0    0    0    0    0    0    0  
    0    0    0    0    0    0    0    0    0    0    0    0    0    0    0    0  
   27   27   27   27   27   27   27   27   27   27   27   27   27   27   27   27  
   60   60   60   60   60   60   60   60   60   60   60   60   60   60   60   60  
  187  187  187  187  187  187  187  187  187  187  187  187  187  187  187  187  
  234  234  234  234  234  234  234  234  234  234  234  234  234  234  234  234  
  255  255  255  255  255  255  255  255  255  255  255  255  255  255  255  255  
  254  254  254  254  254  254  254  254  254  254  254  254  254  254  254  254  
  251  251  251  251  251  251  251  251  251  251  251  251  251  251  251  251  
 
       A_jpeg(3)
 
  255  255  255  255  255  255  255  255  255  255  255  255  255  255  255  255  
  252  252  252  252  252  252  252  252  252  252  252  252  252  252  252  252  
  253  253  253  253  253  253  253  253  253  253  253  253  253  253  253  253  
  213  213  213  213  213  213  213  213  213  213  213  213  213  213  213  213  
  137  137  137  137  137  137  137  137  137  137  137  137  137  137  137  137  
  111  111  111  111  111  111  111  111  111  111  111  111  111  111  111  111  
   42   42   42   42   42   42   42   42   42   42   42   42   42   42   42   42  
    2    2    2    2    2    2    2    2    2    2    2    2    2    2    2    2  
    0    0    0    0    0    0    0    0    0    0    0    0    0    0    0    0  
    0    0    0    0    0    0    0    0    0    0    0    0    0    0    0    0  
    0    0    0    0    0    0    0    0    0    0    0    0    0    0    0    0  
   32   32   32   32   32   32   32   32   32   32   32   32   32   32   32   32  
    5    5    5    5    5    5    5    5    5    5    5    5    5    5    5    5  
    0    0    0    0    0    0    0    0    0    0    0    0    0    0    0    0  
    5    5    5    5    5    5    5    5    5    5    5    5    5    5    5    5  
    7    7    7    7    7    7    7    7    7    7    7    7    7    7    7    7  
 
-->A_png=imread("color.png")
 A_png  =
 
 
       A_png(1)
 
  255  255  255  255  255  255  255  255  255  255  255  255  255  255  255  255  
    0    0    0    0    0    0    0    0    0    0    0    0    0    0    0    0  
    0    0    0    0    0    0    0    0    0    0    0    0    0    0    0    0  
  255  255  255  255  255  255  255  255  255  255  255  255  255  255  255  255  
  255  255  255  255  255  255  255  255  255  255  255  255  255  255  255  255  
    0    0    0    0    0    0    0    0    0    0    0    0    0    0    0    0  
    0    0    0    0    0    0    0    0    0    0    0    0    0    0    0    0  
  255  255  255  255  255  255  255  255  255  255  255  255  255  255  255  255  
  255  255  255  255  255  255  255  255  255  255  255  255  255  255  255  255  
    0    0    0    0    0    0    0    0    0    0    0    0    0    0    0    0  
    0    0    0    0    0    0    0    0    0    0    0    0    0    0    0    0  
  255  255  255  255  255  255  255  255  255  255  255  255  255  255  255  255  
  255  255  255  255  255  255  255  255  255  255  255  255  255  255  255  255  
    0    0    0    0    0    0    0    0    0    0    0    0    0    0    0    0  
    0    0    0    0    0    0    0    0    0    0    0    0    0    0    0    0  
  255  255  255  255  255  255  255  255  255  255  255  255  255  255  255  255  
 
-->A_bmp=imread("color.bmp")
 A_bmp  =
 
 
       A_bmp(1)
 
    0    0    0    0    0    0    0    0    0    0    0    0    0    0    0    0  
    0    0    0    0    0    0    0    0    0    0    0    0    0    0    0    0  
    0    0    0    0    0    0    0    0    0    0    0    0    0    0    0    0  
    0    0    0    0    0    0    0    0    0    0    0    0    0    0    0    0  
    0    0    0    0    0    0    0    0    0    0    0    0    0    0    0    0  
  255  255  255  255  255  255  255  255  255  255  255  255  255  255  255  255  
  255  255  255  255  255  255  255  255  255  255  255  255  255  255  255  255  
  255  255  255  255  255  255  255  255  255  255  255  255  255  255  255  255  
  255  255  255  255  255  255  255  255  255  255  255  255  255  255  255  255  
  255  255  255  255  255  255  255  255  255  255  255  255  255  255  255  255  
  255  255  255  255  255  255  255  255  255  255  255  255  255  255  255  255  
    0    0    0    0    0    0    0    0    0    0    0    0    0    0    0    0  
    0    0    0    0    0    0    0    0    0    0    0    0    0    0    0    0  
    0    0    0    0    0    0    0    0    0    0    0    0    0    0    0    0  
    0    0    0    0    0    0    0    0    0    0    0    0    0    0    0    0  
    0    0    0    0    0    0    0    0    0    0    0    0    0    0    0    0  
 
       A_bmp(2)
 
    0    0    0    0    0    0    0    0    0    0    0    0    0    0    0    0  
    0    0    0    0    0    0    0    0    0    0    0    0    0    0    0    0  
    0    0    0    0    0    0    0    0    0    0    0    0    0    0    0    0  
    0    0    0    0    0    0    0    0    0    0    0    0    0    0    0    0  
    0    0    0    0    0    0    0    0    0    0    0    0    0    0    0    0  
    0    0    0    0    0    0    0    0    0    0    0    0    0    0    0    0  
    0    0    0    0    0    0    0    0    0    0    0    0    0    0    0    0  
    0    0    0    0    0    0    0    0    0    0    0    0    0    0    0    0  
    0    0    0    0    0    0    0    0    0    0    0    0    0    0    0    0  
    0    0    0    0    0    0    0    0    0    0    0    0    0    0    0    0  
    0    0    0    0    0    0    0    0    0    0    0    0    0    0    0    0  
  255  255  255  255  255  255  255  255  255  255  255  255  255  255  255  255  
  255  255  255  255  255  255  255  255  255  255  255  255  255  255  255  255  
  255  255  255  255  255  255  255  255  255  255  255  255  255  255  255  255  
  255  255  255  255  255  255  255  255  255  255  255  255  255  255  255  255  
  255  255  255  255  255  255  255  255  255  255  255  255  255  255  255  255  
 
       A_bmp(3)
 
  255  255  255  255  255  255  255  255  255  255  255  255  255  255  255  255  
  255  255  255  255  255  255  255  255  255  255  255  255  255  255  255  255  
  255  255  255  255  255  255  255  255  255  255  255  255  255  255  255  255  
  255  255  255  255  255  255  255  255  255  255  255  255  255  255  255  255  
  255  255  255  255  255  255  255  255  255  255  255  255  255  255  255  255  
    0    0    0    0    0    0    0    0    0    0    0    0    0    0    0    0  
    0    0    0    0    0    0    0    0    0    0    0    0    0    0    0    0  
    0    0    0    0    0    0    0    0    0    0    0    0    0    0    0    0  
    0    0    0    0    0    0    0    0    0    0    0    0    0    0    0    0  
    0    0    0    0    0    0    0    0    0    0    0    0    0    0    0    0  
    0    0    0    0    0    0    0    0    0    0    0    0    0    0    0    0  
    0    0    0    0    0    0    0    0    0    0    0    0    0    0    0    0  
    0    0    0    0    0    0    0    0    0    0    0    0    0    0    0    0  
    0    0    0    0    0    0    0    0    0    0    0    0    0    0    0    0  
    0    0    0    0    0    0    0    0    0    0    0    0    0    0    0    0  
    0    0    0    0    0    0    0    0    0    0    0    0    0    0    0    0  
 
-->A_tif=imread("color.tif")
 A_tif  =
 
 
       A_tif(1)
 
    0    0    0    0    0    0    0    0    0    0    0    0    0    0    0    0  
    0    0    0    0    0    0    0    0    0    0    0    0    0    0    0    0  
    0    0    0    0    0    0    0    0    0    0    0    0    0    0    0    0  
    0    0    0    0    0    0    0    0    0    0    0    0    0    0    0    0  
    0    0    0    0    0    0    0    0    0    0    0    0    0    0    0    0  
  255  255  255  255  255  255  255  255  255  255  255  255  255  255  255  255  
  255  255  255  255  255  255  255  255  255  255  255  255  255  255  255  255  
  255  255  255  255  255  255  255  255  255  255  255  255  255  255  255  255  
  255  255  255  255  255  255  255  255  255  255  255  255  255  255  255  255  
  255  255  255  255  255  255  255  255  255  255  255  255  255  255  255  255  
  255  255  255  255  255  255  255  255  255  255  255  255  255  255  255  255  
    0    0    0    0    0    0    0    0    0    0    0    0    0    0    0    0  
    0    0    0    0    0    0    0    0    0    0    0    0    0    0    0    0  
    0    0    0    0    0    0    0    0    0    0    0    0    0    0    0    0  
    0    0    0    0    0    0    0    0    0    0    0    0    0    0    0    0  
    0    0    0    0    0    0    0    0    0    0    0    0    0    0    0    0  
 
       A_tif(2)
 
    0    0    0    0    0    0    0    0    0    0    0    0    0    0    0    0  
    0    0    0    0    0    0    0    0    0    0    0    0    0    0    0    0  
    0    0    0    0    0    0    0    0    0    0    0    0    0    0    0    0  
    0    0    0    0    0    0    0    0    0    0    0    0    0    0    0    0  
    0    0    0    0    0    0    0    0    0    0    0    0    0    0    0    0  
    0    0    0    0    0    0    0    0    0    0    0    0    0    0    0    0  
    0    0    0    0    0    0    0    0    0    0    0    0    0    0    0    0  
    0    0    0    0    0    0    0    0    0    0    0    0    0    0    0    0  
    0    0    0    0    0    0    0    0    0    0    0    0    0    0    0    0  
    0    0    0    0    0    0    0    0    0    0    0    0    0    0    0    0  
    0    0    0    0    0    0    0    0    0    0    0    0    0    0    0    0  
  255  255  255  255  255  255  255  255  255  255  255  255  255  255  255  255  
  255  255  255  255  255  255  255  255  255  255  255  255  255  255  255  255  
  255  255  255  255  255  255  255  255  255  255  255  255  255  255  255  255  
  255  255  255  255  255  255  255  255  255  255  255  255  255  255  255  255  
  255  255  255  255  255  255  255  255  255  255  255  255  255  255  255  255  
 
       A_tif(3)
 
  255  255  255  255  255  255  255  255  255  255  255  255  255  255  255  255  
  255  255  255  255  255  255  255  255  255  255  255  255  255  255  255  255  
  255  255  255  255  255  255  255  255  255  255  255  255  255  255  255  255  
  255  255  255  255  255  255  255  255  255  255  255  255  255  255  255  255  
  255  255  255  255  255  255  255  255  255  255  255  255  255  255  255  255  
    0    0    0    0    0    0    0    0    0    0    0    0    0    0    0    0  
    0    0    0    0    0    0    0    0    0    0    0    0    0    0    0    0  
    0    0    0    0    0    0    0    0    0    0    0    0    0    0    0    0  
    0    0    0    0    0    0    0    0    0    0    0    0    0    0    0    0  
    0    0    0    0    0    0    0    0    0    0    0    0    0    0    0    0  
    0    0    0    0    0    0    0    0    0    0    0    0    0    0    0    0  
    0    0    0    0    0    0    0    0    0    0    0    0    0    0    0    0  
    0    0    0    0    0    0    0    0    0    0    0    0    0    0    0    0  
    0    0    0    0    0    0    0    0    0    0    0    0    0    0    0    0  
    0    0    0    0    0    0    0    0    0    0    0    0    0    0    0    0  
    0    0    0    0    0    0    0    0    0    0    0    0    0    0    0    0  
 
-->B_jpeg=blur(A_jpeg,6,6,-1,-1)
 B_jpeg  =
 
 
       B_jpeg(1)
 
    6    6    6    6    6    6    6    6    6    6    6    6    6    6    6    6  
    6    6    6    6    6    6    6    6    6    6    6    6    6    6    6    6  
   18   18   18   18   18   18   18   18   18   18   18   18   18   18   18   18  
   47   47   47   47   47   47   47   47   47   47   47   47   47   47   47   47  
   84   84   84   84   84   84   84   84   84   84   84   84   84   84   84   84  
  126  126  126  126  126  126  126  126  126  126  126  126  126  126  126  126  
  168  168  168  168  168  168  168  168  168  168  168  168  168  168  168  168  
  200  200  200  200  200  200  200  200  200  200  200  200  200  200  200  200  
  209  209  209  209  209  209  209  209  209  209  209  209  209  209  209  209  
  201  201  201  201  201  201  201  201  201  201  201  201  201  201  201  201  
  169  169  169  169  169  169  169  169  169  169  169  169  169  169  169  169  
  127  127  127  127  127  127  127  127  127  127  127  127  127  127  127  127  
   85   85   85   85   85   85   85   85   85   85   85   85   85   85   85   85  
   50   50   50   50   50   50   50   50   50   50   50   50   50   50   50   50  
   28   28   28   28   28   28   28   28   28   28   28   28   28   28   28   28  
    7    7    7    7    7    7    7    7    7    7    7    7    7    7    7    7  
 
       B_jpeg(2)
 
    0    0    0    0    0    0    0    0    0    0    0    0    0    0    0    0  
    0    0    0    0    0    0    0    0    0    0    0    0    0    0    0    0  
    0    0    0    0    0    0    0    0    0    0    0    0    0    0    0    0  
    4    4    4    4    4    4    4    4    4    4    4    4    4    4    4    4  
    5    5    5    5    5    5    5    5    5    5    5    5    5    5    5    5  
    5    5    5    5    5    5    5    5    5    5    5    5    5    5    5    5  
    5    5    5    5    5    5    5    5    5    5    5    5    5    5    5    5  
    9    9    9    9    9    9    9    9    9    9    9    9    9    9    9    9  
   19   19   19   19   19   19   19   19   19   19   19   19   19   19   19   19  
   47   47   47   47   47   47   47   47   47   47   47   47   47   47   47   47  
   85   85   85   85   85   85   85   85   85   85   85   85   85   85   85   85  
  127  127  127  127  127  127  127  127  127  127  127  127  127  127  127  127  
  170  170  170  170  170  170  170  170  170  170  170  170  170  170  170  170  
  207  207  207  207  207  207  207  207  207  207  207  207  207  207  207  207  
  239  239  239  239  239  239  239  239  239  239  239  239  239  239  239  239  
  250  250  250  250  250  250  250  250  250  250  250  250  250  250  250  250  
 
       B_jpeg(3)
 
  246  246  246  246  246  246  246  246  246  246  246  246  246  246  246  246  
  246  246  246  246  246  246  246  246  246  246  246  246  246  246  246  246  
  227  227  227  227  227  227  227  227  227  227  227  227  227  227  227  227  
  204  204  204  204  204  204  204  204  204  204  204  204  204  204  204  204  
  168  168  168  168  168  168  168  168  168  168  168  168  168  168  168  168  
  126  126  126  126  126  126  126  126  126  126  126  126  126  126  126  126  
   84   84   84   84   84   84   84   84   84   84   84   84   84   84   84   84  
   49   49   49   49   49   49   49   49   49   49   49   49   49   49   49   49  
   26   26   26   26   26   26   26   26   26   26   26   26   26   26   26   26  
   13   13   13   13   13   13   13   13   13   13   13   13   13   13   13   13  
    6    6    6    6    6    6    6    6    6    6    6    6    6    6    6    6  
    6    6    6    6    6    6    6    6    6    6    6    6    6    6    6    6  
    7    7    7    7    7    7    7    7    7    7    7    7    7    7    7    7  
    8    8    8    8    8    8    8    8    8    8    8    8    8    8    8    8  
    9    9    9    9    9    9    9    9    9    9    9    9    9    9    9    9  
    4    4    4    4    4    4    4    4    4    4    4    4    4    4    4    4  
 
-->B_png=blur(A_png,6,6,-1,-1)
 B_png  =
 
 
       B_png(1)
 
   85   85   85   85   85   85   85   85   85   85   85   85   85   85   85   85  
   85   85   85   85   85   85   85   85   85   85   85   85   85   85   85   85  
  128  128  128  128  128  128  128  128  128  128  128  128  128  128  128  128  
  128  128  128  128  128  128  128  128  128  128  128  128  128  128  128  128  
   85   85   85   85   85   85   85   85   85   85   85   85   85   85   85   85  
  128  128  128  128  128  128  128  128  128  128  128  128  128  128  128  128  
  170  170  170  170  170  170  170  170  170  170  170  170  170  170  170  170  
  128  128  128  128  128  128  128  128  128  128  128  128  128  128  128  128  
   85   85   85   85   85   85   85   85   85   85   85   85   85   85   85   85  
  128  128  128  128  128  128  128  128  128  128  128  128  128  128  128  128  
  170  170  170  170  170  170  170  170  170  170  170  170  170  170  170  170  
  128  128  128  128  128  128  128  128  128  128  128  128  128  128  128  128  
   85   85   85   85   85   85   85   85   85   85   85   85   85   85   85   85  
  128  128  128  128  128  128  128  128  128  128  128  128  128  128  128  128  
  128  128  128  128  128  128  128  128  128  128  128  128  128  128  128  128  
   85   85   85   85   85   85   85   85   85   85   85   85   85   85   85   85  
 
-->B_bmp=blur(A_bmp,6,6,-1,-1)
 B_bmp  =
 
 
       B_bmp(1)
 
    0    0    0    0    0    0    0    0    0    0    0    0    0    0    0    0  
    0    0    0    0    0    0    0    0    0    0    0    0    0    0    0    0  
    0    0    0    0    0    0    0    0    0    0    0    0    0    0    0    0  
   42   42   42   42   42   42   42   42   42   42   42   42   42   42   42   42  
   85   85   85   85   85   85   85   85   85   85   85   85   85   85   85   85  
  128  128  128  128  128  128  128  128  128  128  128  128  128  128  128  128  
  170  170  170  170  170  170  170  170  170  170  170  170  170  170  170  170  
  212  212  212  212  212  212  212  212  212  212  212  212  212  212  212  212  
  255  255  255  255  255  255  255  255  255  255  255  255  255  255  255  255  
  212  212  212  212  212  212  212  212  212  212  212  212  212  212  212  212  
  170  170  170  170  170  170  170  170  170  170  170  170  170  170  170  170  
  128  128  128  128  128  128  128  128  128  128  128  128  128  128  128  128  
   85   85   85   85   85   85   85   85   85   85   85   85   85   85   85   85  
   42   42   42   42   42   42   42   42   42   42   42   42   42   42   42   42  
    0    0    0    0    0    0    0    0    0    0    0    0    0    0    0    0  
    0    0    0    0    0    0    0    0    0    0    0    0    0    0    0    0  
 
       B_bmp(2)
 
    0    0    0    0    0    0    0    0    0    0    0    0    0    0    0    0  
    0    0    0    0    0    0    0    0    0    0    0    0    0    0    0    0  
    0    0    0    0    0    0    0    0    0    0    0    0    0    0    0    0  
    0    0    0    0    0    0    0    0    0    0    0    0    0    0    0    0  
    0    0    0    0    0    0    0    0    0    0    0    0    0    0    0    0  
    0    0    0    0    0    0    0    0    0    0    0    0    0    0    0    0  
    0    0    0    0    0    0    0    0    0    0    0    0    0    0    0    0  
    0    0    0    0    0    0    0    0    0    0    0    0    0    0    0    0  
    0    0    0    0    0    0    0    0    0    0    0    0    0    0    0    0  
   42   42   42   42   42   42   42   42   42   42   42   42   42   42   42   42  
   85   85   85   85   85   85   85   85   85   85   85   85   85   85   85   85  
  128  128  128  128  128  128  128  128  128  128  128  128  128  128  128  128  
  170  170  170  170  170  170  170  170  170  170  170  170  170  170  170  170  
  212  212  212  212  212  212  212  212  212  212  212  212  212  212  212  212  
  255  255  255  255  255  255  255  255  255  255  255  255  255  255  255  255  
  255  255  255  255  255  255  255  255  255  255  255  255  255  255  255  255  
 
       B_bmp(3)
 
  255  255  255  255  255  255  255  255  255  255  255  255  255  255  255  255  
  255  255  255  255  255  255  255  255  255  255  255  255  255  255  255  255  
  255  255  255  255  255  255  255  255  255  255  255  255  255  255  255  255  
  212  212  212  212  212  212  212  212  212  212  212  212  212  212  212  212  
  170  170  170  170  170  170  170  170  170  170  170  170  170  170  170  170  
  128  128  128  128  128  128  128  128  128  128  128  128  128  128  128  128  
   85   85   85   85   85   85   85   85   85   85   85   85   85   85   85   85  
   42   42   42   42   42   42   42   42   42   42   42   42   42   42   42   42  
    0    0    0    0    0    0    0    0    0    0    0    0    0    0    0    0  
    0    0    0    0    0    0    0    0    0    0    0    0    0    0    0    0  
    0    0    0    0    0    0    0    0    0    0    0    0    0    0    0    0  
    0    0    0    0    0    0    0    0    0    0    0    0    0    0    0    0  
    0    0    0    0    0    0    0    0    0    0    0    0    0    0    0    0  
    0    0    0    0    0    0    0    0    0    0    0    0    0    0    0    0  
    0    0    0    0    0    0    0    0    0    0    0    0    0    0    0    0  
    0    0    0    0    0    0    0    0    0    0    0    0    0    0    0    0  
 
-->B_tif=blur(A_tif,6,6,-1,-1)
 B_tif  =
 
 
       B_tif(1)
 
    0    0    0    0    0    0    0    0    0    0    0    0    0    0    0    0  
    0    0    0    0    0    0    0    0    0    0    0    0    0    0    0    0  
    0    0    0    0    0    0    0    0    0    0    0    0    0    0    0    0  
   42   42   42   42   42   42   42   42   42   42   42   42   42   42   42   42  
   85   85   85   85   85   85   85   85   85   85   85   85   85   85   85   85  
  128  128  128  128  128  128  128  128  128  128  128  128  128  128  128  128  
  170  170  170  170  170  170  170  170  170  170  170  170  170  170  170  170  
  212  212  212  212  212  212  212  212  212  212  212  212  212  212  212  212  
  255  255  255  255  255  255  255  255  255  255  255  255  255  255  255  255  
  212  212  212  212  212  212  212  212  212  212  212  212  212  212  212  212  
  170  170  170  170  170  170  170  170  170  170  170  170  170  170  170  170  
  128  128  128  128  128  128  128  128  128  128  128  128  128  128  128  128  
   85   85   85   85   85   85   85   85   85   85   85   85   85   85   85   85  
   42   42   42   42   42   42   42   42   42   42   42   42   42   42   42   42  
    0    0    0    0    0    0    0    0    0    0    0    0    0    0    0    0  
    0    0    0    0    0    0    0    0    0    0    0    0    0    0    0    0  
 
       B_tif(2)
 
    0    0    0    0    0    0    0    0    0    0    0    0    0    0    0    0  
    0    0    0    0    0    0    0    0    0    0    0    0    0    0    0    0  
    0    0    0    0    0    0    0    0    0    0    0    0    0    0    0    0  
    0    0    0    0    0    0    0    0    0    0    0    0    0    0    0    0  
    0    0    0    0    0    0    0    0    0    0    0    0    0    0    0    0  
    0    0    0    0    0    0    0    0    0    0    0    0    0    0    0    0  
    0    0    0    0    0    0    0    0    0    0    0    0    0    0    0    0  
    0    0    0    0    0    0    0    0    0    0    0    0    0    0    0    0  
    0    0    0    0    0    0    0    0    0    0    0    0    0    0    0    0  
   42   42   42   42   42   42   42   42   42   42   42   42   42   42   42   42  
   85   85   85   85   85   85   85   85   85   85   85   85   85   85   85   85  
  128  128  128  128  128  128  128  128  128  128  128  128  128  128  128  128  
  170  170  170  170  170  170  170  170  170  170  170  170  170  170  170  170  
  212  212  212  212  212  212  212  212  212  212  212  212  212  212  212  212  
  255  255  255  255  255  255  255  255  255  255  255  255  255  255  255  255  
  255  255  255  255  255  255  255  255  255  255  255  255  255  255  255  255  
 
       B_tif(3)
 
  255  255  255  255  255  255  255  255  255  255  255  255  255  255  255  255  
  255  255  255  255  255  255  255  255  255  255  255  255  255  255  255  255  
  255  255  255  255  255  255  255  255  255  255  255  255  255  255  255  255  
  212  212  212  212  212  212  212  212  212  212  212  212  212  212  212  212  
  170  170  170  170  170  170  170  170  170  170  170  170  170  170  170  170  
  128  128  128  128  128  128  128  128  128  128  128  128  128  128  128  128  
   85   85   85   85   85   85   85   85   85   85   85   85   85   85   85   85  
   42   42   42   42   42   42   42   42   42   42   42   42   42   42   42   42  
    0    0    0    0    0    0    0    0    0    0    0    0    0    0    0    0  
    0    0    0    0    0    0    0    0    0    0    0    0    0    0    0    0  
    0    0    0    0    0    0    0    0    0    0    0    0    0    0    0    0  
    0    0    0    0    0    0    0    0    0    0    0    0    0    0    0    0  
    0    0    0    0    0    0    0    0    0    0    0    0    0    0    0    0  
    0    0    0    0    0    0    0    0    0    0    0    0    0    0    0    0  
    0    0    0    0    0    0    0    0    0    0    0    0    0    0    0    0  
    0    0    0    0    0    0    0    0    0    0    0    0    0    0    0    0  
 
-->diary(0)
