
B_jpeg(:,:,1) =

   32   28   30   35   36   79   77   75   76   81   72  152  149  150  149  148
   32   28   30   35   36   79   77   75   76   81   72  152  149  150  149  148
   32   28   30   35   36   79   77   75   76   81   72  152  149  150  149  148
   32   28   30   35   36   79   77   75   76   81   72  152  149  150  149  148
   32   28   30   35   36   79   77   75   76   81   72  152  149  150  149  148
   32   28   30   35   36   79   77   75   76   81   72  152  149  150  149  148
   32   28   30   35   36   79   77   75   76   81   72  152  149  150  149  148
   32   28   30   35   36   79   77   75   76   81   72  152  149  150  149  148
   32   28   30   35   36   79   77   75   76   81   72  152  149  150  149  148
   32   28   30   35   36   79   77   75   76   81   72  152  149  150  149  148
   32   28   30   35   36   79   77   75   76   81   72  152  149  150  149  148
   32   28   30   35   36   79   77   75   76   81   72  152  149  150  149  148
   32   28   30   35   36   79   77   75   76   81   72  152  149  150  149  148
   32   28   30   35   36   79   77   75   76   81   72  152  149  150  149  148
   32   28   30   35   36   79   77   75   76   81   72  152  149  150  149  148
   32   28   30   35   36   79   77   75   76   81   72  152  149  150  149  148


B_jpeg(:,:,2) =

   32   28   30   35   36   79   77   75   76   81   72  152  149  150  149  148
   32   28   30   35   36   79   77   75   76   81   72  152  149  150  149  148
   32   28   30   35   36   79   77   75   76   81   72  152  149  150  149  148
   32   28   30   35   36   79   77   75   76   81   72  152  149  150  149  148
   32   28   30   35   36   79   77   75   76   81   72  152  149  150  149  148
   32   28   30   35   36   79   77   75   76   81   72  152  149  150  149  148
   32   28   30   35   36   79   77   75   76   81   72  152  149  150  149  148
   32   28   30   35   36   79   77   75   76   81   72  152  149  150  149  148
   32   28   30   35   36   79   77   75   76   81   72  152  149  150  149  148
   32   28   30   35   36   79   77   75   76   81   72  152  149  150  149  148
   32   28   30   35   36   79   77   75   76   81   72  152  149  150  149  148
   32   28   30   35   36   79   77   75   76   81   72  152  149  150  149  148
   32   28   30   35   36   79   77   75   76   81   72  152  149  150  149  148
   32   28   30   35   36   79   77   75   76   81   72  152  149  150  149  148
   32   28   30   35   36   79   77   75   76   81   72  152  149  150  149  148
   32   28   30   35   36   79   77   75   76   81   72  152  149  150  149  148


B_jpeg(:,:,3) =

   32   28   30   35   36   79   77   75   76   81   72  152  149  150  149  148
   32   28   30   35   36   79   77   75   76   81   72  152  149  150  149  148
   32   28   30   35   36   79   77   75   76   81   72  152  149  150  149  148
   32   28   30   35   36   79   77   75   76   81   72  152  149  150  149  148
   32   28   30   35   36   79   77   75   76   81   72  152  149  150  149  148
   32   28   30   35   36   79   77   75   76   81   72  152  149  150  149  148
   32   28   30   35   36   79   77   75   76   81   72  152  149  150  149  148
   32   28   30   35   36   79   77   75   76   81   72  152  149  150  149  148
   32   28   30   35   36   79   77   75   76   81   72  152  149  150  149  148
   32   28   30   35   36   79   77   75   76   81   72  152  149  150  149  148
   32   28   30   35   36   79   77   75   76   81   72  152  149  150  149  148
   32   28   30   35   36   79   77   75   76   81   72  152  149  150  149  148
   32   28   30   35   36   79   77   75   76   81   72  152  149  150  149  148
   32   28   30   35   36   79   77   75   76   81   72  152  149  150  149  148
   32   28   30   35   36   79   77   75   76   81   72  152  149  150  149  148
   32   28   30   35   36   79   77   75   76   81   72  152  149  150  149  148


B_png(:,:,1) =

   29   29   29   29   29   76   76   76   76   76   76  150  150  150  150  150
   29   29   29   29   29   76   76   76   76   76   76  150  150  150  150  150
   29   29   29   29   29   76   76   76   76   76   76  150  150  150  150  150
   29   29   29   29   29   76   76   76   76   76   76  150  150  150  150  150
   29   29   29   29   29   76   76   76   76   76   76  150  150  150  150  150
   29   29   29   29   29   76   76   76   76   76   76  150  150  150  150  150
   29   29   29   29   29   76   76   76   76   76   76  150  150  150  150  150
   29   29   29   29   29   76   76   76   76   76   76  150  150  150  150  150
   29   29   29   29   29   76   76   76   76   76   76  150  150  150  150  150
   29   29   29   29   29   76   76   76   76   76   76  150  150  150  150  150
   29   29   29   29   29   76   76   76   76   76   76  150  150  150  150  150
   29   29   29   29   29   76   76   76   76   76   76  150  150  150  150  150
   29   29   29   29   29   76   76   76   76   76   76  150  150  150  150  150
   29   29   29   29   29   76   76   76   76   76   76  150  150  150  150  150
   29   29   29   29   29   76   76   76   76   76   76  150  150  150  150  150
   29   29   29   29   29   76   76   76   76   76   76  150  150  150  150  150


B_png(:,:,2) =

   29   29   29   29   29   76   76   76   76   76   76  150  150  150  150  150
   29   29   29   29   29   76   76   76   76   76   76  150  150  150  150  150
   29   29   29   29   29   76   76   76   76   76   76  150  150  150  150  150
   29   29   29   29   29   76   76   76   76   76   76  150  150  150  150  150
   29   29   29   29   29   76   76   76   76   76   76  150  150  150  150  150
   29   29   29   29   29   76   76   76   76   76   76  150  150  150  150  150
   29   29   29   29   29   76   76   76   76   76   76  150  150  150  150  150
   29   29   29   29   29   76   76   76   76   76   76  150  150  150  150  150
   29   29   29   29   29   76   76   76   76   76   76  150  150  150  150  150
   29   29   29   29   29   76   76   76   76   76   76  150  150  150  150  150
   29   29   29   29   29   76   76   76   76   76   76  150  150  150  150  150
   29   29   29   29   29   76   76   76   76   76   76  150  150  150  150  150
   29   29   29   29   29   76   76   76   76   76   76  150  150  150  150  150
   29   29   29   29   29   76   76   76   76   76   76  150  150  150  150  150
   29   29   29   29   29   76   76   76   76   76   76  150  150  150  150  150
   29   29   29   29   29   76   76   76   76   76   76  150  150  150  150  150


B_png(:,:,3) =

   29   29   29   29   29   76   76   76   76   76   76  150  150  150  150  150
   29   29   29   29   29   76   76   76   76   76   76  150  150  150  150  150
   29   29   29   29   29   76   76   76   76   76   76  150  150  150  150  150
   29   29   29   29   29   76   76   76   76   76   76  150  150  150  150  150
   29   29   29   29   29   76   76   76   76   76   76  150  150  150  150  150
   29   29   29   29   29   76   76   76   76   76   76  150  150  150  150  150
   29   29   29   29   29   76   76   76   76   76   76  150  150  150  150  150
   29   29   29   29   29   76   76   76   76   76   76  150  150  150  150  150
   29   29   29   29   29   76   76   76   76   76   76  150  150  150  150  150
   29   29   29   29   29   76   76   76   76   76   76  150  150  150  150  150
   29   29   29   29   29   76   76   76   76   76   76  150  150  150  150  150
   29   29   29   29   29   76   76   76   76   76   76  150  150  150  150  150
   29   29   29   29   29   76   76   76   76   76   76  150  150  150  150  150
   29   29   29   29   29   76   76   76   76   76   76  150  150  150  150  150
   29   29   29   29   29   76   76   76   76   76   76  150  150  150  150  150
   29   29   29   29   29   76   76   76   76   76   76  150  150  150  150  150


B_bmp(:,:,1) =

   29   29   29   29   29   76   76   76   76   76   76  150  150  150  150  150
   29   29   29   29   29   76   76   76   76   76   76  150  150  150  150  150
   29   29   29   29   29   76   76   76   76   76   76  150  150  150  150  150
   29   29   29   29   29   76   76   76   76   76   76  150  150  150  150  150
   29   29   29   29   29   76   76   76   76   76   76  150  150  150  150  150
   29   29   29   29   29   76   76   76   76   76   76  150  150  150  150  150
   29   29   29   29   29   76   76   76   76   76   76  150  150  150  150  150
   29   29   29   29   29   76   76   76   76   76   76  150  150  150  150  150
   29   29   29   29   29   76   76   76   76   76   76  150  150  150  150  150
   29   29   29   29   29   76   76   76   76   76   76  150  150  150  150  150
   29   29   29   29   29   76   76   76   76   76   76  150  150  150  150  150
   29   29   29   29   29   76   76   76   76   76   76  150  150  150  150  150
   29   29   29   29   29   76   76   76   76   76   76  150  150  150  150  150
   29   29   29   29   29   76   76   76   76   76   76  150  150  150  150  150
   29   29   29   29   29   76   76   76   76   76   76  150  150  150  150  150
   29   29   29   29   29   76   76   76   76   76   76  150  150  150  150  150


B_bmp(:,:,2) =

   29   29   29   29   29   76   76   76   76   76   76  150  150  150  150  150
   29   29   29   29   29   76   76   76   76   76   76  150  150  150  150  150
   29   29   29   29   29   76   76   76   76   76   76  150  150  150  150  150
   29   29   29   29   29   76   76   76   76   76   76  150  150  150  150  150
   29   29   29   29   29   76   76   76   76   76   76  150  150  150  150  150
   29   29   29   29   29   76   76   76   76   76   76  150  150  150  150  150
   29   29   29   29   29   76   76   76   76   76   76  150  150  150  150  150
   29   29   29   29   29   76   76   76   76   76   76  150  150  150  150  150
   29   29   29   29   29   76   76   76   76   76   76  150  150  150  150  150
   29   29   29   29   29   76   76   76   76   76   76  150  150  150  150  150
   29   29   29   29   29   76   76   76   76   76   76  150  150  150  150  150
   29   29   29   29   29   76   76   76   76   76   76  150  150  150  150  150
   29   29   29   29   29   76   76   76   76   76   76  150  150  150  150  150
   29   29   29   29   29   76   76   76   76   76   76  150  150  150  150  150
   29   29   29   29   29   76   76   76   76   76   76  150  150  150  150  150
   29   29   29   29   29   76   76   76   76   76   76  150  150  150  150  150


B_bmp(:,:,3) =

   29   29   29   29   29   76   76   76   76   76   76  150  150  150  150  150
   29   29   29   29   29   76   76   76   76   76   76  150  150  150  150  150
   29   29   29   29   29   76   76   76   76   76   76  150  150  150  150  150
   29   29   29   29   29   76   76   76   76   76   76  150  150  150  150  150
   29   29   29   29   29   76   76   76   76   76   76  150  150  150  150  150
   29   29   29   29   29   76   76   76   76   76   76  150  150  150  150  150
   29   29   29   29   29   76   76   76   76   76   76  150  150  150  150  150
   29   29   29   29   29   76   76   76   76   76   76  150  150  150  150  150
   29   29   29   29   29   76   76   76   76   76   76  150  150  150  150  150
   29   29   29   29   29   76   76   76   76   76   76  150  150  150  150  150
   29   29   29   29   29   76   76   76   76   76   76  150  150  150  150  150
   29   29   29   29   29   76   76   76   76   76   76  150  150  150  150  150
   29   29   29   29   29   76   76   76   76   76   76  150  150  150  150  150
   29   29   29   29   29   76   76   76   76   76   76  150  150  150  150  150
   29   29   29   29   29   76   76   76   76   76   76  150  150  150  150  150
   29   29   29   29   29   76   76   76   76   76   76  150  150  150  150  150


B_tif(:,:,1) =

   29   29   29   29   29   76   76   76   76   76   76  150  150  150  150  150
   29   29   29   29   29   76   76   76   76   76   76  150  150  150  150  150
   29   29   29   29   29   76   76   76   76   76   76  150  150  150  150  150
   29   29   29   29   29   76   76   76   76   76   76  150  150  150  150  150
   29   29   29   29   29   76   76   76   76   76   76  150  150  150  150  150
   29   29   29   29   29   76   76   76   76   76   76  150  150  150  150  150
   29   29   29   29   29   76   76   76   76   76   76  150  150  150  150  150
   29   29   29   29   29   76   76   76   76   76   76  150  150  150  150  150
   29   29   29   29   29   76   76   76   76   76   76  150  150  150  150  150
   29   29   29   29   29   76   76   76   76   76   76  150  150  150  150  150
   29   29   29   29   29   76   76   76   76   76   76  150  150  150  150  150
   29   29   29   29   29   76   76   76   76   76   76  150  150  150  150  150
   29   29   29   29   29   76   76   76   76   76   76  150  150  150  150  150
   29   29   29   29   29   76   76   76   76   76   76  150  150  150  150  150
   29   29   29   29   29   76   76   76   76   76   76  150  150  150  150  150
   29   29   29   29   29   76   76   76   76   76   76  150  150  150  150  150


B_tif(:,:,2) =

   29   29   29   29   29   76   76   76   76   76   76  150  150  150  150  150
   29   29   29   29   29   76   76   76   76   76   76  150  150  150  150  150
   29   29   29   29   29   76   76   76   76   76   76  150  150  150  150  150
   29   29   29   29   29   76   76   76   76   76   76  150  150  150  150  150
   29   29   29   29   29   76   76   76   76   76   76  150  150  150  150  150
   29   29   29   29   29   76   76   76   76   76   76  150  150  150  150  150
   29   29   29   29   29   76   76   76   76   76   76  150  150  150  150  150
   29   29   29   29   29   76   76   76   76   76   76  150  150  150  150  150
   29   29   29   29   29   76   76   76   76   76   76  150  150  150  150  150
   29   29   29   29   29   76   76   76   76   76   76  150  150  150  150  150
   29   29   29   29   29   76   76   76   76   76   76  150  150  150  150  150
   29   29   29   29   29   76   76   76   76   76   76  150  150  150  150  150
   29   29   29   29   29   76   76   76   76   76   76  150  150  150  150  150
   29   29   29   29   29   76   76   76   76   76   76  150  150  150  150  150
   29   29   29   29   29   76   76   76   76   76   76  150  150  150  150  150
   29   29   29   29   29   76   76   76   76   76   76  150  150  150  150  150


B_tif(:,:,3) =

   29   29   29   29   29   76   76   76   76   76   76  150  150  150  150  150
   29   29   29   29   29   76   76   76   76   76   76  150  150  150  150  150
   29   29   29   29   29   76   76   76   76   76   76  150  150  150  150  150
   29   29   29   29   29   76   76   76   76   76   76  150  150  150  150  150
   29   29   29   29   29   76   76   76   76   76   76  150  150  150  150  150
   29   29   29   29   29   76   76   76   76   76   76  150  150  150  150  150
   29   29   29   29   29   76   76   76   76   76   76  150  150  150  150  150
   29   29   29   29   29   76   76   76   76   76   76  150  150  150  150  150
   29   29   29   29   29   76   76   76   76   76   76  150  150  150  150  150
   29   29   29   29   29   76   76   76   76   76   76  150  150  150  150  150
   29   29   29   29   29   76   76   76   76   76   76  150  150  150  150  150
   29   29   29   29   29   76   76   76   76   76   76  150  150  150  150  150
   29   29   29   29   29   76   76   76   76   76   76  150  150  150  150  150
   29   29   29   29   29   76   76   76   76   76   76  150  150  150  150  150
   29   29   29   29   29   76   76   76   76   76   76  150  150  150  150  150
   29   29   29   29   29   76   76   76   76   76   76  150  150  150  150  150

