 ans  =
 
    1.  
 
-->B_jpeg=cvtColor(A_jpeg,"CV_RGB2Lab",0)
 B_jpeg  =
 
 
       B_jpeg(1)
 
  194  194  194  194  194  194  194  194  194  194  194  194  194  194  194  194  
  194  194  194  194  194  194  194  194  194  194  194  194  194  194  194  194  
  194  194  194  194  194  194  194  194  194  194  194  194  194  194  194  194  
  177  177  177  177  177  177  177  177  177  177  177  177  177  177  177  177  
  125  125  125  125  125  125  125  125  125  125  125  125  125  125  125  125  
   66   66   66   66   66   66   66   66   66   66   66   66   66   66   66   66  
   32   32   32   32   32   32   32   32   32   32   32   32   32   32   32   32  
   21   21   21   21   21   21   21   21   21   21   21   21   21   21   21   21  
   21   21   21   21   21   21   21   21   21   21   21   21   21   21   21   21  
   36   36   36   36   36   36   36   36   36   36   36   36   36   36   36   36  
   84   84   84   84   84   84   84   84   84   84   84   84   84   84   84   84  
  148  148  148  148  148  148  148  148  148  148  148  148  148  148  148  148  
  201  201  201  201  201  201  201  201  201  201  201  201  201  201  201  201  
  211  211  211  211  211  211  211  211  211  211  211  211  211  211  211  211  
  211  211  211  211  211  211  211  211  211  211  211  211  211  211  211  211  
  210  210  210  210  210  210  210  210  210  210  210  210  210  210  210  210  
 
       B_jpeg(2)
 
  208  208  208  208  208  208  208  208  208  208  208  208  208  208  208  208  
  207  207  207  207  207  207  207  207  207  207  207  207  207  207  207  207  
  207  207  207  207  207  207  207  207  207  207  207  207  207  207  207  207  
  198  198  198  198  198  198  198  198  198  198  198  198  198  198  198  198  
  182  182  182  182  182  182  182  182  182  182  182  182  182  182  182  182  
  189  189  189  189  189  189  189  189  189  189  189  189  189  189  189  189  
  200  200  200  200  200  200  200  200  200  200  200  200  200  200  200  200  
  206  206  206  206  206  206  206  206  206  206  206  206  206  206  206  206  
  207  207  207  207  207  207  207  207  207  207  207  207  207  207  207  207  
  192  192  192  192  192  192  192  192  192  192  192  192  192  192  192  192  
  141  141  141  141  141  141  141  141  141  141  141  141  141  141  141  141  
   76   76   76   76   76   76   76   76   76   76   76   76   76   76   76   76  
   48   48   48   48   48   48   48   48   48   48   48   48   48   48   48   48  
   42   42   42   42   42   42   42   42   42   42   42   42   42   42   42   42  
   42   42   42   42   42   42   42   42   42   42   42   42   42   42   42   42  
   43   43   43   43   43   43   43   43   43   43   43   43   43   43   43   43  
 
       B_jpeg(3)
 
  136  136  136  136  136  136  136  136  136  136  136  136  136  136  136  136  
  134  134  134  134  134  134  134  134  134  134  134  134  134  134  134  134  
  135  135  135  135  135  135  135  135  135  135  135  135  135  135  135  135  
  114  114  114  114  114  114  114  114  114  114  114  114  114  114  114  114  
   74   74   74   74   74   74   74   74   74   74   74   74   74   74   74   74  
   81   81   81   81   81   81   81   81   81   81   81   81   81   81   81   81  
   76   76   76   76   76   76   76   76   76   76   76   76   76   76   76   76  
   82   82   82   82   82   82   82   82   82   82   82   82   82   82   82   82  
   82   82   82   82   82   82   82   82   82   82   82   82   82   82   82   82  
   74   74   74   74   74   74   74   74   74   74   74   74   74   74   74   74  
   67   67   67   67   67   67   67   67   67   67   67   67   67   67   67   67  
  172  172  172  172  172  172  172  172  172  172  172  172  172  172  172  172  
  207  207  207  207  207  207  207  207  207  207  207  207  207  207  207  207  
  224  224  224  224  224  224  224  224  224  224  224  224  224  224  224  224  
  223  223  223  223  223  223  223  223  223  223  223  223  223  223  223  223  
  221  221  221  221  221  221  221  221  221  221  221  221  221  221  221  221  
 
-->//B_png=cvtColor(A_png,"CV_BGR2HSVb",0)
 
-->B_bmp = cvtColor(A_bmp,"CV_RGB2Lab",0)
 B_bmp  =
 
 
       B_bmp(1)
 
  195  195  195  195  195  195  195  195  195  195  195  195  195  195  195  195  
  195  195  195  195  195  195  195  195  195  195  195  195  195  195  195  195  
  195  195  195  195  195  195  195  195  195  195  195  195  195  195  195  195  
  195  195  195  195  195  195  195  195  195  195  195  195  195  195  195  195  
  195  195  195  195  195  195  195  195  195  195  195  195  195  195  195  195  
   20   20   20   20   20   20   20   20   20   20   20   20   20   20   20   20  
   20   20   20   20   20   20   20   20   20   20   20   20   20   20   20   20  
   20   20   20   20   20   20   20   20   20   20   20   20   20   20   20   20  
   20   20   20   20   20   20   20   20   20   20   20   20   20   20   20   20  
   20   20   20   20   20   20   20   20   20   20   20   20   20   20   20   20  
   20   20   20   20   20   20   20   20   20   20   20   20   20   20   20   20  
  211  211  211  211  211  211  211  211  211  211  211  211  211  211  211  211  
  211  211  211  211  211  211  211  211  211  211  211  211  211  211  211  211  
  211  211  211  211  211  211  211  211  211  211  211  211  211  211  211  211  
  211  211  211  211  211  211  211  211  211  211  211  211  211  211  211  211  
  211  211  211  211  211  211  211  211  211  211  211  211  211  211  211  211  
 
       B_bmp(2)
 
  208  208  208  208  208  208  208  208  208  208  208  208  208  208  208  208  
  208  208  208  208  208  208  208  208  208  208  208  208  208  208  208  208  
  208  208  208  208  208  208  208  208  208  208  208  208  208  208  208  208  
  208  208  208  208  208  208  208  208  208  208  208  208  208  208  208  208  
  208  208  208  208  208  208  208  208  208  208  208  208  208  208  208  208  
  207  207  207  207  207  207  207  207  207  207  207  207  207  207  207  207  
  207  207  207  207  207  207  207  207  207  207  207  207  207  207  207  207  
  207  207  207  207  207  207  207  207  207  207  207  207  207  207  207  207  
  207  207  207  207  207  207  207  207  207  207  207  207  207  207  207  207  
  207  207  207  207  207  207  207  207  207  207  207  207  207  207  207  207  
  207  207  207  207  207  207  207  207  207  207  207  207  207  207  207  207  
   42   42   42   42   42   42   42   42   42   42   42   42   42   42   42   42  
   42   42   42   42   42   42   42   42   42   42   42   42   42   42   42   42  
   42   42   42   42   42   42   42   42   42   42   42   42   42   42   42   42  
   42   42   42   42   42   42   42   42   42   42   42   42   42   42   42   42  
   42   42   42   42   42   42   42   42   42   42   42   42   42   42   42   42  
 
       B_bmp(3)
 
  136  136  136  136  136  136  136  136  136  136  136  136  136  136  136  136  
  136  136  136  136  136  136  136  136  136  136  136  136  136  136  136  136  
  136  136  136  136  136  136  136  136  136  136  136  136  136  136  136  136  
  136  136  136  136  136  136  136  136  136  136  136  136  136  136  136  136  
  136  136  136  136  136  136  136  136  136  136  136  136  136  136  136  136  
   82   82   82   82   82   82   82   82   82   82   82   82   82   82   82   82  
   82   82   82   82   82   82   82   82   82   82   82   82   82   82   82   82  
   82   82   82   82   82   82   82   82   82   82   82   82   82   82   82   82  
   82   82   82   82   82   82   82   82   82   82   82   82   82   82   82   82  
   82   82   82   82   82   82   82   82   82   82   82   82   82   82   82   82  
   82   82   82   82   82   82   82   82   82   82   82   82   82   82   82   82  
  224  224  224  224  224  224  224  224  224  224  224  224  224  224  224  224  
  224  224  224  224  224  224  224  224  224  224  224  224  224  224  224  224  
  224  224  224  224  224  224  224  224  224  224  224  224  224  224  224  224  
  224  224  224  224  224  224  224  224  224  224  224  224  224  224  224  224  
  224  224  224  224  224  224  224  224  224  224  224  224  224  224  224  224  
 
-->B_tif=cvtColor(A_tif,"CV_RGB2Lab",0)
 B_tif  =
 
 
       B_tif(1)
 
  195  195  195  195  195  195  195  195  195  195  195  195  195  195  195  195  
  195  195  195  195  195  195  195  195  195  195  195  195  195  195  195  195  
  195  195  195  195  195  195  195  195  195  195  195  195  195  195  195  195  
  195  195  195  195  195  195  195  195  195  195  195  195  195  195  195  195  
  195  195  195  195  195  195  195  195  195  195  195  195  195  195  195  195  
   20   20   20   20   20   20   20   20   20   20   20   20   20   20   20   20  
   20   20   20   20   20   20   20   20   20   20   20   20   20   20   20   20  
   20   20   20   20   20   20   20   20   20   20   20   20   20   20   20   20  
   20   20   20   20   20   20   20   20   20   20   20   20   20   20   20   20  
   20   20   20   20   20   20   20   20   20   20   20   20   20   20   20   20  
   20   20   20   20   20   20   20   20   20   20   20   20   20   20   20   20  
  211  211  211  211  211  211  211  211  211  211  211  211  211  211  211  211  
  211  211  211  211  211  211  211  211  211  211  211  211  211  211  211  211  
  211  211  211  211  211  211  211  211  211  211  211  211  211  211  211  211  
  211  211  211  211  211  211  211  211  211  211  211  211  211  211  211  211  
  211  211  211  211  211  211  211  211  211  211  211  211  211  211  211  211  
 
       B_tif(2)
 
  208  208  208  208  208  208  208  208  208  208  208  208  208  208  208  208  
  208  208  208  208  208  208  208  208  208  208  208  208  208  208  208  208  
  208  208  208  208  208  208  208  208  208  208  208  208  208  208  208  208  
  208  208  208  208  208  208  208  208  208  208  208  208  208  208  208  208  
  208  208  208  208  208  208  208  208  208  208  208  208  208  208  208  208  
  207  207  207  207  207  207  207  207  207  207  207  207  207  207  207  207  
  207  207  207  207  207  207  207  207  207  207  207  207  207  207  207  207  
  207  207  207  207  207  207  207  207  207  207  207  207  207  207  207  207  
  207  207  207  207  207  207  207  207  207  207  207  207  207  207  207  207  
  207  207  207  207  207  207  207  207  207  207  207  207  207  207  207  207  
  207  207  207  207  207  207  207  207  207  207  207  207  207  207  207  207  
   42   42   42   42   42   42   42   42   42   42   42   42   42   42   42   42  
   42   42   42   42   42   42   42   42   42   42   42   42   42   42   42   42  
   42   42   42   42   42   42   42   42   42   42   42   42   42   42   42   42  
   42   42   42   42   42   42   42   42   42   42   42   42   42   42   42   42  
   42   42   42   42   42   42   42   42   42   42   42   42   42   42   42   42  
 
       B_tif(3)
 
  136  136  136  136  136  136  136  136  136  136  136  136  136  136  136  136  
  136  136  136  136  136  136  136  136  136  136  136  136  136  136  136  136  
  136  136  136  136  136  136  136  136  136  136  136  136  136  136  136  136  
  136  136  136  136  136  136  136  136  136  136  136  136  136  136  136  136  
  136  136  136  136  136  136  136  136  136  136  136  136  136  136  136  136  
   82   82   82   82   82   82   82   82   82   82   82   82   82   82   82   82  
   82   82   82   82   82   82   82   82   82   82   82   82   82   82   82   82  
   82   82   82   82   82   82   82   82   82   82   82   82   82   82   82   82  
   82   82   82   82   82   82   82   82   82   82   82   82   82   82   82   82  
   82   82   82   82   82   82   82   82   82   82   82   82   82   82   82   82  
   82   82   82   82   82   82   82   82   82   82   82   82   82   82   82   82  
  224  224  224  224  224  224  224  224  224  224  224  224  224  224  224  224  
  224  224  224  224  224  224  224  224  224  224  224  224  224  224  224  224  
  224  224  224  224  224  224  224  224  224  224  224  224  224  224  224  224  
  224  224  224  224  224  224  224  224  224  224  224  224  224  224  224  224  
  224  224  224  224  224  224  224  224  224  224  224  224  224  224  224  224  
 
-->diary(0)
