 ans  =
 
    1.  
 
-->B_jpeg=cvtColor(A_jpeg,"CV_RGB2HSV",0)
 B_jpeg  =
 
 
       B_jpeg(1)
 
  255  255  255  255  255  255  255  255  255  255  255  255  255  255  255  255  
  252  252  252  252  252  252  252  252  252  252  252  252  252  252  252  252  
  253  253  253  253  253  253  253  253  253  253  253  253  253  253  253  253  
  213  213  213  213  213  213  213  213  213  213  213  213  213  213  213  213  
  137  137  137  137  137  137  137  137  137  137  137  137  137  137  137  137  
  174  174  174  174  174  174  174  174  174  174  174  174  174  174  174  174  
  227  227  227  227  227  227  227  227  227  227  227  227  227  227  227  227  
  252  252  252  252  252  252  252  252  252  252  252  252  252  252  252  252  
  253  253  253  253  253  253  253  253  253  253  253  253  253  253  253  253  
  217  217  217  217  217  217  217  217  217  217  217  217  217  217  217  217  
  130  130  130  130  130  130  130  130  130  130  130  130  130  130  130  130  
  187  187  187  187  187  187  187  187  187  187  187  187  187  187  187  187  
  234  234  234  234  234  234  234  234  234  234  234  234  234  234  234  234  
  255  255  255  255  255  255  255  255  255  255  255  255  255  255  255  255  
  254  254  254  254  254  254  254  254  254  254  254  254  254  254  254  254  
  251  251  251  251  251  251  251  251  251  251  251  251  251  251  251  251  
 
       B_jpeg(2)
 
  255  255  255  255  255  255  255  255  255  255  255  255  255  255  255  255  
  255  255  255  255  255  255  255  255  255  255  255  255  255  255  255  255  
  254  254  254  254  254  254  254  254  254  254  254  254  254  254  254  254  
  255  255  255  255  255  255  255  255  255  255  255  255  255  255  255  255  
  255  255  255  255  255  255  255  255  255  255  255  255  255  255  255  255  
  224  224  224  224  224  224  224  224  224  224  224  224  224  224  224  224  
  247  247  247  247  247  247  247  247  247  247  247  247  247  247  247  247  
  255  255  255  255  255  255  255  255  255  255  255  255  255  255  255  255  
  255  255  255  255  255  255  255  255  255  255  255  255  255  255  255  255  
  255  255  255  255  255  255  255  255  255  255  255  255  255  255  255  255  
  255  255  255  255  255  255  255  255  255  255  255  255  255  255  255  255  
  211  211  211  211  211  211  211  211  211  211  211  211  211  211  211  211  
  250  250  250  250  250  250  250  250  250  250  250  250  250  250  250  250  
  255  255  255  255  255  255  255  255  255  255  255  255  255  255  255  255  
  254  254  254  254  254  254  254  254  254  254  254  254  254  254  254  254  
  252  252  252  252  252  252  252  252  252  252  252  252  252  252  252  252  
 
       B_jpeg(3)
 
    0    0    0    0    0    0    0    0    0    0    0    0    0    0    0    0  
    0    0    0    0    0    0    0    0    0    0    0    0    0    0    0    0  
    0    0    0    0    0    0    0    0    0    0    0    0    0    0    0    0  
  176  176  176  176  176  176  176  176  176  176  176  176  176  176  176  176  
  164  164  164  164  164  164  164  164  164  164  164  164  164  164  164  164  
  138  138  138  138  138  138  138  138  138  138  138  138  138  138  138  138  
  125  125  125  125  125  125  125  125  125  125  125  125  125  125  125  125  
  120  120  120  120  120  120  120  120  120  120  120  120  120  120  120  120  
  120  120  120  120  120  120  120  120  120  120  120  120  120  120  120  120  
  116  116  116  116  116  116  116  116  116  116  116  116  116  116  116  116  
  106  106  106  106  106  106  106  106  106  106  106  106  106  106  106  106  
   78   78   78   78   78   78   78   78   78   78   78   78   78   78   78   78  
   64   64   64   64   64   64   64   64   64   64   64   64   64   64   64   64  
   60   60   60   60   60   60   60   60   60   60   60   60   60   60   60   60  
   60   60   60   60   60   60   60   60   60   60   60   60   60   60   60   60  
   59   59   59   59   59   59   59   59   59   59   59   59   59   59   59   59  
 
-->//B_png=cvtColor(A_png,"CV_BGR2HSVb",0)
 
-->B_bmp = cvtColor(A_bmp,"CV_RGB2HSV",0)
 B_bmp  =
 
 
       B_bmp(1)
 
  255  255  255  255  255  255  255  255  255  255  255  255  255  255  255  255  
  255  255  255  255  255  255  255  255  255  255  255  255  255  255  255  255  
  255  255  255  255  255  255  255  255  255  255  255  255  255  255  255  255  
  255  255  255  255  255  255  255  255  255  255  255  255  255  255  255  255  
  255  255  255  255  255  255  255  255  255  255  255  255  255  255  255  255  
  255  255  255  255  255  255  255  255  255  255  255  255  255  255  255  255  
  255  255  255  255  255  255  255  255  255  255  255  255  255  255  255  255  
  255  255  255  255  255  255  255  255  255  255  255  255  255  255  255  255  
  255  255  255  255  255  255  255  255  255  255  255  255  255  255  255  255  
  255  255  255  255  255  255  255  255  255  255  255  255  255  255  255  255  
  255  255  255  255  255  255  255  255  255  255  255  255  255  255  255  255  
  255  255  255  255  255  255  255  255  255  255  255  255  255  255  255  255  
  255  255  255  255  255  255  255  255  255  255  255  255  255  255  255  255  
  255  255  255  255  255  255  255  255  255  255  255  255  255  255  255  255  
  255  255  255  255  255  255  255  255  255  255  255  255  255  255  255  255  
  255  255  255  255  255  255  255  255  255  255  255  255  255  255  255  255  
 
       B_bmp(2)
 
  255  255  255  255  255  255  255  255  255  255  255  255  255  255  255  255  
  255  255  255  255  255  255  255  255  255  255  255  255  255  255  255  255  
  255  255  255  255  255  255  255  255  255  255  255  255  255  255  255  255  
  255  255  255  255  255  255  255  255  255  255  255  255  255  255  255  255  
  255  255  255  255  255  255  255  255  255  255  255  255  255  255  255  255  
  255  255  255  255  255  255  255  255  255  255  255  255  255  255  255  255  
  255  255  255  255  255  255  255  255  255  255  255  255  255  255  255  255  
  255  255  255  255  255  255  255  255  255  255  255  255  255  255  255  255  
  255  255  255  255  255  255  255  255  255  255  255  255  255  255  255  255  
  255  255  255  255  255  255  255  255  255  255  255  255  255  255  255  255  
  255  255  255  255  255  255  255  255  255  255  255  255  255  255  255  255  
  255  255  255  255  255  255  255  255  255  255  255  255  255  255  255  255  
  255  255  255  255  255  255  255  255  255  255  255  255  255  255  255  255  
  255  255  255  255  255  255  255  255  255  255  255  255  255  255  255  255  
  255  255  255  255  255  255  255  255  255  255  255  255  255  255  255  255  
  255  255  255  255  255  255  255  255  255  255  255  255  255  255  255  255  
 
       B_bmp(3)
 
    0    0    0    0    0    0    0    0    0    0    0    0    0    0    0    0  
    0    0    0    0    0    0    0    0    0    0    0    0    0    0    0    0  
    0    0    0    0    0    0    0    0    0    0    0    0    0    0    0    0  
    0    0    0    0    0    0    0    0    0    0    0    0    0    0    0    0  
    0    0    0    0    0    0    0    0    0    0    0    0    0    0    0    0  
  120  120  120  120  120  120  120  120  120  120  120  120  120  120  120  120  
  120  120  120  120  120  120  120  120  120  120  120  120  120  120  120  120  
  120  120  120  120  120  120  120  120  120  120  120  120  120  120  120  120  
  120  120  120  120  120  120  120  120  120  120  120  120  120  120  120  120  
  120  120  120  120  120  120  120  120  120  120  120  120  120  120  120  120  
  120  120  120  120  120  120  120  120  120  120  120  120  120  120  120  120  
   60   60   60   60   60   60   60   60   60   60   60   60   60   60   60   60  
   60   60   60   60   60   60   60   60   60   60   60   60   60   60   60   60  
   60   60   60   60   60   60   60   60   60   60   60   60   60   60   60   60  
   60   60   60   60   60   60   60   60   60   60   60   60   60   60   60   60  
   60   60   60   60   60   60   60   60   60   60   60   60   60   60   60   60  
 
-->B_tif=cvtColor(A_tif,"CV_RGB2HSV",0)
 B_tif  =
 
 
       B_tif(1)
 
  255  255  255  255  255  255  255  255  255  255  255  255  255  255  255  255  
  255  255  255  255  255  255  255  255  255  255  255  255  255  255  255  255  
  255  255  255  255  255  255  255  255  255  255  255  255  255  255  255  255  
  255  255  255  255  255  255  255  255  255  255  255  255  255  255  255  255  
  255  255  255  255  255  255  255  255  255  255  255  255  255  255  255  255  
  255  255  255  255  255  255  255  255  255  255  255  255  255  255  255  255  
  255  255  255  255  255  255  255  255  255  255  255  255  255  255  255  255  
  255  255  255  255  255  255  255  255  255  255  255  255  255  255  255  255  
  255  255  255  255  255  255  255  255  255  255  255  255  255  255  255  255  
  255  255  255  255  255  255  255  255  255  255  255  255  255  255  255  255  
  255  255  255  255  255  255  255  255  255  255  255  255  255  255  255  255  
  255  255  255  255  255  255  255  255  255  255  255  255  255  255  255  255  
  255  255  255  255  255  255  255  255  255  255  255  255  255  255  255  255  
  255  255  255  255  255  255  255  255  255  255  255  255  255  255  255  255  
  255  255  255  255  255  255  255  255  255  255  255  255  255  255  255  255  
  255  255  255  255  255  255  255  255  255  255  255  255  255  255  255  255  
 
       B_tif(2)
 
  255  255  255  255  255  255  255  255  255  255  255  255  255  255  255  255  
  255  255  255  255  255  255  255  255  255  255  255  255  255  255  255  255  
  255  255  255  255  255  255  255  255  255  255  255  255  255  255  255  255  
  255  255  255  255  255  255  255  255  255  255  255  255  255  255  255  255  
  255  255  255  255  255  255  255  255  255  255  255  255  255  255  255  255  
  255  255  255  255  255  255  255  255  255  255  255  255  255  255  255  255  
  255  255  255  255  255  255  255  255  255  255  255  255  255  255  255  255  
  255  255  255  255  255  255  255  255  255  255  255  255  255  255  255  255  
  255  255  255  255  255  255  255  255  255  255  255  255  255  255  255  255  
  255  255  255  255  255  255  255  255  255  255  255  255  255  255  255  255  
  255  255  255  255  255  255  255  255  255  255  255  255  255  255  255  255  
  255  255  255  255  255  255  255  255  255  255  255  255  255  255  255  255  
  255  255  255  255  255  255  255  255  255  255  255  255  255  255  255  255  
  255  255  255  255  255  255  255  255  255  255  255  255  255  255  255  255  
  255  255  255  255  255  255  255  255  255  255  255  255  255  255  255  255  
  255  255  255  255  255  255  255  255  255  255  255  255  255  255  255  255  
 
       B_tif(3)
 
    0    0    0    0    0    0    0    0    0    0    0    0    0    0    0    0  
    0    0    0    0    0    0    0    0    0    0    0    0    0    0    0    0  
    0    0    0    0    0    0    0    0    0    0    0    0    0    0    0    0  
    0    0    0    0    0    0    0    0    0    0    0    0    0    0    0    0  
    0    0    0    0    0    0    0    0    0    0    0    0    0    0    0    0  
  120  120  120  120  120  120  120  120  120  120  120  120  120  120  120  120  
  120  120  120  120  120  120  120  120  120  120  120  120  120  120  120  120  
  120  120  120  120  120  120  120  120  120  120  120  120  120  120  120  120  
  120  120  120  120  120  120  120  120  120  120  120  120  120  120  120  120  
  120  120  120  120  120  120  120  120  120  120  120  120  120  120  120  120  
  120  120  120  120  120  120  120  120  120  120  120  120  120  120  120  120  
   60   60   60   60   60   60   60   60   60   60   60   60   60   60   60   60  
   60   60   60   60   60   60   60   60   60   60   60   60   60   60   60   60  
   60   60   60   60   60   60   60   60   60   60   60   60   60   60   60   60  
   60   60   60   60   60   60   60   60   60   60   60   60   60   60   60   60  
   60   60   60   60   60   60   60   60   60   60   60   60   60   60   60   60  
 
-->diary(0)
