 ans  =
 
    1.  
 
-->C_jpeg=cvtColor(B_jpeg,"CV_YCrCb2BGR",0)
 C_jpeg  =
 
 
       C_jpeg(1)
 
    3    3    3    3    3    3    3    3    3    3    3    3    3    3    3    3  
    1    1    1    1    1    1    1    1    1    1    1    1    1    1    1    1  
    2    2    2    2    2    2    2    2    2    2    2    2    2    2    2    2  
   26   26   26   26   26   26   26   26   26   26   26   26   26   26   26   26  
   74   74   74   74   74   74   74   74   74   74   74   74   74   74   74   74  
  174  174  174  174  174  174  174  174  174  174  174  174  174  174  174  174  
  227  227  227  227  227  227  227  227  227  227  227  227  227  227  227  227  
  251  251  251  251  251  251  251  251  251  251  251  251  251  251  251  251  
  253  253  253  253  253  253  253  253  253  253  253  253  253  253  253  253  
  217  217  217  217  217  217  217  217  217  217  217  217  217  217  217  217  
  130  130  130  130  130  130  130  130  130  130  130  130  130  130  130  130  
  126  126  126  126  126  126  126  126  126  126  126  126  126  126  126  126  
   37   37   37   37   37   37   37   37   37   37   37   37   37   37   37   37  
    0    0    0    0    0    0    0    0    0    0    0    0    0    0    0    0  
    1    1    1    1    1    1    1    1    1    1    1    1    1    1    1    1  
    3    3    3    3    3    3    3    3    3    3    3    3    3    3    3    3  
 
       C_jpeg(2)
 
    0    0    0    0    0    0    0    0    0    0    0    0    0    0    0    0  
    0    0    0    0    0    0    0    0    0    0    0    0    0    0    0    0  
    1    1    1    1    1    1    1    1    1    1    1    1    1    1    1    1  
    0    0    0    0    0    0    0    0    0    0    0    0    0    0    0    0  
    0    0    0    0    0    0    0    0    0    0    0    0    0    0    0    0  
   21   21   21   21   21   21   21   21   21   21   21   21   21   21   21   21  
    7    7    7    7    7    7    7    7    7    7    7    7    7    7    7    7  
    1    1    1    1    1    1    1    1    1    1    1    1    1    1    1    1  
    1    1    1    1    1    1    1    1    1    1    1    1    1    1    1    1  
   28   28   28   28   28   28   28   28   28   28   28   28   28   28   28   28  
   60   60   60   60   60   60   60   60   60   60   60   60   60   60   60   60  
  187  187  187  187  187  187  187  187  187  187  187  187  187  187  187  187  
  234  234  234  234  234  234  234  234  234  234  234  234  234  234  234  234  
  255  255  255  255  255  255  255  255  255  255  255  255  255  255  255  255  
  254  254  254  254  254  254  254  254  254  254  254  254  254  254  254  254  
  251  251  251  251  251  251  251  251  251  251  251  251  251  251  251  251  
 
       C_jpeg(3)
 
  255  255  255  255  255  255  255  255  255  255  255  255  255  255  255  255  
  252  252  252  252  252  252  252  252  252  252  252  252  252  252  252  252  
  253  253  253  253  253  253  253  253  253  253  253  253  253  253  253  253  
  213  213  213  213  213  213  213  213  213  213  213  213  213  213  213  213  
  137  137  137  137  137  137  137  137  137  137  137  137  137  137  137  137  
  111  111  111  111  111  111  111  111  111  111  111  111  111  111  111  111  
   42   42   42   42   42   42   42   42   42   42   42   42   42   42   42   42  
    2    2    2    2    2    2    2    2    2    2    2    2    2    2    2    2  
    0    0    0    0    0    0    0    0    0    0    0    0    0    0    0    0  
    0    0    0    0    0    0    0    0    0    0    0    0    0    0    0    0  
    0    0    0    0    0    0    0    0    0    0    0    0    0    0    0    0  
   32   32   32   32   32   32   32   32   32   32   32   32   32   32   32   32  
    5    5    5    5    5    5    5    5    5    5    5    5    5    5    5    5  
    0    0    0    0    0    0    0    0    0    0    0    0    0    0    0    0  
    5    5    5    5    5    5    5    5    5    5    5    5    5    5    5    5  
    7    7    7    7    7    7    7    7    7    7    7    7    7    7    7    7  
 
-->//B_png=cvtColor(B_png,"CV_YCrCb2BRG",0)
 
-->C_bmp = cvtColor(B_bmp,"CV_YCrCb2BGR",0)
 C_bmp  =
 
 
       C_bmp(1)
 
    0    0    0    0    0    0    0    0    0    0    0    0    0    0    0    0  
    0    0    0    0    0    0    0    0    0    0    0    0    0    0    0    0  
    0    0    0    0    0    0    0    0    0    0    0    0    0    0    0    0  
    0    0    0    0    0    0    0    0    0    0    0    0    0    0    0    0  
    0    0    0    0    0    0    0    0    0    0    0    0    0    0    0    0  
  254  254  254  254  254  254  254  254  254  254  254  254  254  254  254  254  
  254  254  254  254  254  254  254  254  254  254  254  254  254  254  254  254  
  254  254  254  254  254  254  254  254  254  254  254  254  254  254  254  254  
  254  254  254  254  254  254  254  254  254  254  254  254  254  254  254  254  
  254  254  254  254  254  254  254  254  254  254  254  254  254  254  254  254  
  254  254  254  254  254  254  254  254  254  254  254  254  254  254  254  254  
    0    0    0    0    0    0    0    0    0    0    0    0    0    0    0    0  
    0    0    0    0    0    0    0    0    0    0    0    0    0    0    0    0  
    0    0    0    0    0    0    0    0    0    0    0    0    0    0    0    0  
    0    0    0    0    0    0    0    0    0    0    0    0    0    0    0    0  
    0    0    0    0    0    0    0    0    0    0    0    0    0    0    0    0  
 
       C_bmp(2)
 
    0    0    0    0    0    0    0    0    0    0    0    0    0    0    0    0  
    0    0    0    0    0    0    0    0    0    0    0    0    0    0    0    0  
    0    0    0    0    0    0    0    0    0    0    0    0    0    0    0    0  
    0    0    0    0    0    0    0    0    0    0    0    0    0    0    0    0  
    0    0    0    0    0    0    0    0    0    0    0    0    0    0    0    0  
    0    0    0    0    0    0    0    0    0    0    0    0    0    0    0    0  
    0    0    0    0    0    0    0    0    0    0    0    0    0    0    0    0  
    0    0    0    0    0    0    0    0    0    0    0    0    0    0    0    0  
    0    0    0    0    0    0    0    0    0    0    0    0    0    0    0    0  
    0    0    0    0    0    0    0    0    0    0    0    0    0    0    0    0  
    0    0    0    0    0    0    0    0    0    0    0    0    0    0    0    0  
  255  255  255  255  255  255  255  255  255  255  255  255  255  255  255  255  
  255  255  255  255  255  255  255  255  255  255  255  255  255  255  255  255  
  255  255  255  255  255  255  255  255  255  255  255  255  255  255  255  255  
  255  255  255  255  255  255  255  255  255  255  255  255  255  255  255  255  
  255  255  255  255  255  255  255  255  255  255  255  255  255  255  255  255  
 
       C_bmp(3)
 
  254  254  254  254  254  254  254  254  254  254  254  254  254  254  254  254  
  254  254  254  254  254  254  254  254  254  254  254  254  254  254  254  254  
  254  254  254  254  254  254  254  254  254  254  254  254  254  254  254  254  
  254  254  254  254  254  254  254  254  254  254  254  254  254  254  254  254  
  254  254  254  254  254  254  254  254  254  254  254  254  254  254  254  254  
    0    0    0    0    0    0    0    0    0    0    0    0    0    0    0    0  
    0    0    0    0    0    0    0    0    0    0    0    0    0    0    0    0  
    0    0    0    0    0    0    0    0    0    0    0    0    0    0    0    0  
    0    0    0    0    0    0    0    0    0    0    0    0    0    0    0    0  
    0    0    0    0    0    0    0    0    0    0    0    0    0    0    0    0  
    0    0    0    0    0    0    0    0    0    0    0    0    0    0    0    0  
    0    0    0    0    0    0    0    0    0    0    0    0    0    0    0    0  
    0    0    0    0    0    0    0    0    0    0    0    0    0    0    0    0  
    0    0    0    0    0    0    0    0    0    0    0    0    0    0    0    0  
    0    0    0    0    0    0    0    0    0    0    0    0    0    0    0    0  
    0    0    0    0    0    0    0    0    0    0    0    0    0    0    0    0  
 
-->C_tif=cvtColor(B_tif,"CV_YCrCb2BGR",0)
 C_tif  =
 
 
       C_tif(1)
 
    0    0    0    0    0    0    0    0    0    0    0    0    0    0    0    0  
    0    0    0    0    0    0    0    0    0    0    0    0    0    0    0    0  
    0    0    0    0    0    0    0    0    0    0    0    0    0    0    0    0  
    0    0    0    0    0    0    0    0    0    0    0    0    0    0    0    0  
    0    0    0    0    0    0    0    0    0    0    0    0    0    0    0    0  
  254  254  254  254  254  254  254  254  254  254  254  254  254  254  254  254  
  254  254  254  254  254  254  254  254  254  254  254  254  254  254  254  254  
  254  254  254  254  254  254  254  254  254  254  254  254  254  254  254  254  
  254  254  254  254  254  254  254  254  254  254  254  254  254  254  254  254  
  254  254  254  254  254  254  254  254  254  254  254  254  254  254  254  254  
  254  254  254  254  254  254  254  254  254  254  254  254  254  254  254  254  
    0    0    0    0    0    0    0    0    0    0    0    0    0    0    0    0  
    0    0    0    0    0    0    0    0    0    0    0    0    0    0    0    0  
    0    0    0    0    0    0    0    0    0    0    0    0    0    0    0    0  
    0    0    0    0    0    0    0    0    0    0    0    0    0    0    0    0  
    0    0    0    0    0    0    0    0    0    0    0    0    0    0    0    0  
 
       C_tif(2)
 
    0    0    0    0    0    0    0    0    0    0    0    0    0    0    0    0  
    0    0    0    0    0    0    0    0    0    0    0    0    0    0    0    0  
    0    0    0    0    0    0    0    0    0    0    0    0    0    0    0    0  
    0    0    0    0    0    0    0    0    0    0    0    0    0    0    0    0  
    0    0    0    0    0    0    0    0    0    0    0    0    0    0    0    0  
    0    0    0    0    0    0    0    0    0    0    0    0    0    0    0    0  
    0    0    0    0    0    0    0    0    0    0    0    0    0    0    0    0  
    0    0    0    0    0    0    0    0    0    0    0    0    0    0    0    0  
    0    0    0    0    0    0    0    0    0    0    0    0    0    0    0    0  
    0    0    0    0    0    0    0    0    0    0    0    0    0    0    0    0  
    0    0    0    0    0    0    0    0    0    0    0    0    0    0    0    0  
  255  255  255  255  255  255  255  255  255  255  255  255  255  255  255  255  
  255  255  255  255  255  255  255  255  255  255  255  255  255  255  255  255  
  255  255  255  255  255  255  255  255  255  255  255  255  255  255  255  255  
  255  255  255  255  255  255  255  255  255  255  255  255  255  255  255  255  
  255  255  255  255  255  255  255  255  255  255  255  255  255  255  255  255  
 
       C_tif(3)
 
  254  254  254  254  254  254  254  254  254  254  254  254  254  254  254  254  
  254  254  254  254  254  254  254  254  254  254  254  254  254  254  254  254  
  254  254  254  254  254  254  254  254  254  254  254  254  254  254  254  254  
  254  254  254  254  254  254  254  254  254  254  254  254  254  254  254  254  
  254  254  254  254  254  254  254  254  254  254  254  254  254  254  254  254  
    0    0    0    0    0    0    0    0    0    0    0    0    0    0    0    0  
    0    0    0    0    0    0    0    0    0    0    0    0    0    0    0    0  
    0    0    0    0    0    0    0    0    0    0    0    0    0    0    0    0  
    0    0    0    0    0    0    0    0    0    0    0    0    0    0    0    0  
    0    0    0    0    0    0    0    0    0    0    0    0    0    0    0    0  
    0    0    0    0    0    0    0    0    0    0    0    0    0    0    0    0  
    0    0    0    0    0    0    0    0    0    0    0    0    0    0    0    0  
    0    0    0    0    0    0    0    0    0    0    0    0    0    0    0    0  
    0    0    0    0    0    0    0    0    0    0    0    0    0    0    0    0  
    0    0    0    0    0    0    0    0    0    0    0    0    0    0    0    0  
    0    0    0    0    0    0    0    0    0    0    0    0    0    0    0    0  
 
-->diary(0)
