 ans  =
 
    1.  
 
-->B_jpeg=cvtColor(A_jpeg,"CV_BGR2XYZ",0)
 B_jpeg  =
 
 
       B_jpeg(1)
 
  242  242  242  242  242  242  242  242  242  242  242  242  242  242  242  242  
  239  239  239  239  239  239  239  239  239  239  239  239  239  239  239  239  
  241  241  241  241  241  241  241  241  241  241  241  241  241  241  241  241  
  203  203  203  203  203  203  203  203  203  203  203  203  203  203  203  203  
  132  132  132  132  132  132  132  132  132  132  132  132  132  132  132  132  
  111  111  111  111  111  111  111  111  111  111  111  111  111  111  111  111  
   45   45   45   45   45   45   45   45   45   45   45   45   45   45   45   45  
    7    7    7    7    7    7    7    7    7    7    7    7    7    7    7    7  
    5    5    5    5    5    5    5    5    5    5    5    5    5    5    5    5  
    7    7    7    7    7    7    7    7    7    7    7    7    7    7    7    7  
   10   10   10   10   10   10   10   10   10   10   10   10   10   10   10   10  
   55   55   55   55   55   55   55   55   55   55   55   55   55   55   55   55  
   33   33   33   33   33   33   33   33   33   33   33   33   33   33   33   33  
   30   30   30   30   30   30   30   30   30   30   30   30   30   30   30   30  
   35   35   35   35   35   35   35   35   35   35   35   35   35   35   35   35  
   37   37   37   37   37   37   37   37   37   37   37   37   37   37   37   37  
 
       B_jpeg(2)
 
   19   19   19   19   19   19   19   19   19   19   19   19   19   19   19   19  
   18   18   18   18   18   18   18   18   18   18   18   18   18   18   18   18  
   19   19   19   19   19   19   19   19   19   19   19   19   19   19   19   19  
   21   21   21   21   21   21   21   21   21   21   21   21   21   21   21   21  
   26   26   26   26   26   26   26   26   26   26   26   26   26   26   26   26  
   60   60   60   60   60   60   60   60   60   60   60   60   60   60   60   60  
   56   56   56   56   56   56   56   56   56   56   56   56   56   56   56   56  
   54   54   54   54   54   54   54   54   54   54   54   54   54   54   54   54  
   54   54   54   54   54   54   54   54   54   54   54   54   54   54   54   54  
   65   65   65   65   65   65   65   65   65   65   65   65   65   65   65   65  
   71   71   71   71   71   71   71   71   71   71   71   71   71   71   71   71  
  163  163  163  163  163  163  163  163  163  163  163  163  163  163  163  163  
  176  176  176  176  176  176  176  176  176  176  176  176  176  176  176  176  
  182  182  182  182  182  182  182  182  182  182  182  182  182  182  182  182  
  182  182  182  182  182  182  182  182  182  182  182  182  182  182  182  182  
  181  181  181  181  181  181  181  181  181  181  181  181  181  181  181  181  
 
       B_jpeg(3)
 
   47   47   47   47   47   47   47   47   47   47   47   47   47   47   47   47  
   46   46   46   46   46   46   46   46   46   46   46   46   46   46   46   46  
   47   47   47   47   47   47   47   47   47   47   47   47   47   47   47   47  
   49   49   49   49   49   49   49   49   49   49   49   49   49   49   49   49  
   55   55   55   55   55   55   55   55   55   55   55   55   55   55   55   55  
   99   99   99   99   99   99   99   99   99   99   99   99   99   99   99   99  
  104  104  104  104  104  104  104  104  104  104  104  104  104  104  104  104  
  104  104  104  104  104  104  104  104  104  104  104  104  104  104  104  104  
  104  104  104  104  104  104  104  104  104  104  104  104  104  104  104  104  
   99   99   99   99   99   99   99   99   99   99   99   99   99   99   99   99  
   75   75   75   75   75   75   75   75   75   75   75   75   75   75   75   75  
  125  125  125  125  125  125  125  125  125  125  125  125  125  125  125  125  
  100  100  100  100  100  100  100  100  100  100  100  100  100  100  100  100  
   91   91   91   91   91   91   91   91   91   91   91   91   91   91   91   91  
   92   92   92   92   92   92   92   92   92   92   92   92   92   92   92   92  
   92   92   92   92   92   92   92   92   92   92   92   92   92   92   92   92  
 
-->//B_png=cvtColor(A_png,"CV_BGR2XYZ",0)
 
-->B_bmp = cvtColor(A_bmp,"CV_BGR2XYZ",0)
 B_bmp  =
 
 
       B_bmp(1)
 
  242  242  242  242  242  242  242  242  242  242  242  242  242  242  242  242  
  242  242  242  242  242  242  242  242  242  242  242  242  242  242  242  242  
  242  242  242  242  242  242  242  242  242  242  242  242  242  242  242  242  
  242  242  242  242  242  242  242  242  242  242  242  242  242  242  242  242  
  242  242  242  242  242  242  242  242  242  242  242  242  242  242  242  242  
    5    5    5    5    5    5    5    5    5    5    5    5    5    5    5    5  
    5    5    5    5    5    5    5    5    5    5    5    5    5    5    5    5  
    5    5    5    5    5    5    5    5    5    5    5    5    5    5    5    5  
    5    5    5    5    5    5    5    5    5    5    5    5    5    5    5    5  
    5    5    5    5    5    5    5    5    5    5    5    5    5    5    5    5  
    5    5    5    5    5    5    5    5    5    5    5    5    5    5    5    5  
   30   30   30   30   30   30   30   30   30   30   30   30   30   30   30   30  
   30   30   30   30   30   30   30   30   30   30   30   30   30   30   30   30  
   30   30   30   30   30   30   30   30   30   30   30   30   30   30   30   30  
   30   30   30   30   30   30   30   30   30   30   30   30   30   30   30   30  
   30   30   30   30   30   30   30   30   30   30   30   30   30   30   30   30  
 
       B_bmp(2)
 
   18   18   18   18   18   18   18   18   18   18   18   18   18   18   18   18  
   18   18   18   18   18   18   18   18   18   18   18   18   18   18   18   18  
   18   18   18   18   18   18   18   18   18   18   18   18   18   18   18   18  
   18   18   18   18   18   18   18   18   18   18   18   18   18   18   18   18  
   18   18   18   18   18   18   18   18   18   18   18   18   18   18   18   18  
   54   54   54   54   54   54   54   54   54   54   54   54   54   54   54   54  
   54   54   54   54   54   54   54   54   54   54   54   54   54   54   54   54  
   54   54   54   54   54   54   54   54   54   54   54   54   54   54   54   54  
   54   54   54   54   54   54   54   54   54   54   54   54   54   54   54   54  
   54   54   54   54   54   54   54   54   54   54   54   54   54   54   54   54  
   54   54   54   54   54   54   54   54   54   54   54   54   54   54   54   54  
  182  182  182  182  182  182  182  182  182  182  182  182  182  182  182  182  
  182  182  182  182  182  182  182  182  182  182  182  182  182  182  182  182  
  182  182  182  182  182  182  182  182  182  182  182  182  182  182  182  182  
  182  182  182  182  182  182  182  182  182  182  182  182  182  182  182  182  
  182  182  182  182  182  182  182  182  182  182  182  182  182  182  182  182  
 
       B_bmp(3)
 
   46   46   46   46   46   46   46   46   46   46   46   46   46   46   46   46  
   46   46   46   46   46   46   46   46   46   46   46   46   46   46   46   46  
   46   46   46   46   46   46   46   46   46   46   46   46   46   46   46   46  
   46   46   46   46   46   46   46   46   46   46   46   46   46   46   46   46  
   46   46   46   46   46   46   46   46   46   46   46   46   46   46   46   46  
  105  105  105  105  105  105  105  105  105  105  105  105  105  105  105  105  
  105  105  105  105  105  105  105  105  105  105  105  105  105  105  105  105  
  105  105  105  105  105  105  105  105  105  105  105  105  105  105  105  105  
  105  105  105  105  105  105  105  105  105  105  105  105  105  105  105  105  
  105  105  105  105  105  105  105  105  105  105  105  105  105  105  105  105  
  105  105  105  105  105  105  105  105  105  105  105  105  105  105  105  105  
   91   91   91   91   91   91   91   91   91   91   91   91   91   91   91   91  
   91   91   91   91   91   91   91   91   91   91   91   91   91   91   91   91  
   91   91   91   91   91   91   91   91   91   91   91   91   91   91   91   91  
   91   91   91   91   91   91   91   91   91   91   91   91   91   91   91   91  
   91   91   91   91   91   91   91   91   91   91   91   91   91   91   91   91  
 
-->B_tif=cvtColor(A_tif,"CV_BGR2XYZ",0)
 B_tif  =
 
 
       B_tif(1)
 
  242  242  242  242  242  242  242  242  242  242  242  242  242  242  242  242  
  242  242  242  242  242  242  242  242  242  242  242  242  242  242  242  242  
  242  242  242  242  242  242  242  242  242  242  242  242  242  242  242  242  
  242  242  242  242  242  242  242  242  242  242  242  242  242  242  242  242  
  242  242  242  242  242  242  242  242  242  242  242  242  242  242  242  242  
    5    5    5    5    5    5    5    5    5    5    5    5    5    5    5    5  
    5    5    5    5    5    5    5    5    5    5    5    5    5    5    5    5  
    5    5    5    5    5    5    5    5    5    5    5    5    5    5    5    5  
    5    5    5    5    5    5    5    5    5    5    5    5    5    5    5    5  
    5    5    5    5    5    5    5    5    5    5    5    5    5    5    5    5  
    5    5    5    5    5    5    5    5    5    5    5    5    5    5    5    5  
   30   30   30   30   30   30   30   30   30   30   30   30   30   30   30   30  
   30   30   30   30   30   30   30   30   30   30   30   30   30   30   30   30  
   30   30   30   30   30   30   30   30   30   30   30   30   30   30   30   30  
   30   30   30   30   30   30   30   30   30   30   30   30   30   30   30   30  
   30   30   30   30   30   30   30   30   30   30   30   30   30   30   30   30  
 
       B_tif(2)
 
   18   18   18   18   18   18   18   18   18   18   18   18   18   18   18   18  
   18   18   18   18   18   18   18   18   18   18   18   18   18   18   18   18  
   18   18   18   18   18   18   18   18   18   18   18   18   18   18   18   18  
   18   18   18   18   18   18   18   18   18   18   18   18   18   18   18   18  
   18   18   18   18   18   18   18   18   18   18   18   18   18   18   18   18  
   54   54   54   54   54   54   54   54   54   54   54   54   54   54   54   54  
   54   54   54   54   54   54   54   54   54   54   54   54   54   54   54   54  
   54   54   54   54   54   54   54   54   54   54   54   54   54   54   54   54  
   54   54   54   54   54   54   54   54   54   54   54   54   54   54   54   54  
   54   54   54   54   54   54   54   54   54   54   54   54   54   54   54   54  
   54   54   54   54   54   54   54   54   54   54   54   54   54   54   54   54  
  182  182  182  182  182  182  182  182  182  182  182  182  182  182  182  182  
  182  182  182  182  182  182  182  182  182  182  182  182  182  182  182  182  
  182  182  182  182  182  182  182  182  182  182  182  182  182  182  182  182  
  182  182  182  182  182  182  182  182  182  182  182  182  182  182  182  182  
  182  182  182  182  182  182  182  182  182  182  182  182  182  182  182  182  
 
       B_tif(3)
 
   46   46   46   46   46   46   46   46   46   46   46   46   46   46   46   46  
   46   46   46   46   46   46   46   46   46   46   46   46   46   46   46   46  
   46   46   46   46   46   46   46   46   46   46   46   46   46   46   46   46  
   46   46   46   46   46   46   46   46   46   46   46   46   46   46   46   46  
   46   46   46   46   46   46   46   46   46   46   46   46   46   46   46   46  
  105  105  105  105  105  105  105  105  105  105  105  105  105  105  105  105  
  105  105  105  105  105  105  105  105  105  105  105  105  105  105  105  105  
  105  105  105  105  105  105  105  105  105  105  105  105  105  105  105  105  
  105  105  105  105  105  105  105  105  105  105  105  105  105  105  105  105  
  105  105  105  105  105  105  105  105  105  105  105  105  105  105  105  105  
  105  105  105  105  105  105  105  105  105  105  105  105  105  105  105  105  
   91   91   91   91   91   91   91   91   91   91   91   91   91   91   91   91  
   91   91   91   91   91   91   91   91   91   91   91   91   91   91   91   91  
   91   91   91   91   91   91   91   91   91   91   91   91   91   91   91   91  
   91   91   91   91   91   91   91   91   91   91   91   91   91   91   91   91  
   91   91   91   91   91   91   91   91   91   91   91   91   91   91   91   91  
 
-->diary(0)
