
C_jpeg(:,:,1) =

    3    0    2   26   74  174  227  253  253  216  130  126   37    0    2    4
    3    0    2   26   74  174  227  253  253  216  130  126   37    0    2    4
    3    0    2   26   74  174  227  253  253  216  130  126   37    0    2    4
    3    0    2   26   74  174  227  253  253  216  130  126   37    0    2    4
    3    0    2   26   74  174  227  253  253  216  130  126   37    0    2    4
    3    0    2   26   74  174  227  253  253  216  130  126   37    0    2    4
    3    0    2   26   74  174  227  253  253  216  130  126   37    0    2    4
    3    0    2   26   74  174  227  253  253  216  130  126   37    0    2    4
    3    0    2   26   74  174  227  253  253  216  130  126   37    0    2    4
    3    0    2   26   74  174  227  253  253  216  130  126   37    0    2    4
    3    0    2   26   74  174  227  253  253  216  130  126   37    0    2    4
    3    0    2   26   74  174  227  253  253  216  130  126   37    0    2    4
    3    0    2   26   74  174  227  253  253  216  130  126   37    0    2    4
    3    0    2   26   74  174  227  253  253  216  130  126   37    0    2    4
    3    0    2   26   74  174  227  253  253  216  130  126   37    0    2    4
    3    0    2   26   74  174  227  253  253  216  130  126   37    0    2    4


C_jpeg(:,:,2) =

    0    0    1    1    0   21    7    0    0   27   61  187  234  255  254  250
    0    0    1    1    0   21    7    0    0   27   61  187  234  255  254  250
    0    0    1    1    0   21    7    0    0   27   61  187  234  255  254  250
    0    0    1    1    0   21    7    0    0   27   61  187  234  255  254  250
    0    0    1    1    0   21    7    0    0   27   61  187  234  255  254  250
    0    0    1    1    0   21    7    0    0   27   61  187  234  255  254  250
    0    0    1    1    0   21    7    0    0   27   61  187  234  255  254  250
    0    0    1    1    0   21    7    0    0   27   61  187  234  255  254  250
    0    0    1    1    0   21    7    0    0   27   61  187  234  255  254  250
    0    0    1    1    0   21    7    0    0   27   61  187  234  255  254  250
    0    0    1    1    0   21    7    0    0   27   61  187  234  255  254  250
    0    0    1    1    0   21    7    0    0   27   61  187  234  255  254  250
    0    0    1    1    0   21    7    0    0   27   61  187  234  255  254  250
    0    0    1    1    0   21    7    0    0   27   61  187  234  255  254  250
    0    0    1    1    0   21    7    0    0   27   61  187  234  255  254  250
    0    0    1    1    0   21    7    0    0   27   61  187  234  255  254  250


C_jpeg(:,:,3) =

  255  253  254  214  136  111   43    3    0    0    0   32    6    1    5    8
  255  253  254  214  136  111   43    3    0    0    0   32    6    1    5    8
  255  253  254  214  136  111   43    3    0    0    0   32    6    1    5    8
  255  253  254  214  136  111   43    3    0    0    0   32    6    1    5    8
  255  253  254  214  136  111   43    3    0    0    0   32    6    1    5    8
  255  253  254  214  136  111   43    3    0    0    0   32    6    1    5    8
  255  253  254  214  136  111   43    3    0    0    0   32    6    1    5    8
  255  253  254  214  136  111   43    3    0    0    0   32    6    1    5    8
  255  253  254  214  136  111   43    3    0    0    0   32    6    1    5    8
  255  253  254  214  136  111   43    3    0    0    0   32    6    1    5    8
  255  253  254  214  136  111   43    3    0    0    0   32    6    1    5    8
  255  253  254  214  136  111   43    3    0    0    0   32    6    1    5    8
  255  253  254  214  136  111   43    3    0    0    0   32    6    1    5    8
  255  253  254  214  136  111   43    3    0    0    0   32    6    1    5    8
  255  253  254  214  136  111   43    3    0    0    0   32    6    1    5    8
  255  253  254  214  136  111   43    3    0    0    0   32    6    1    5    8


C_png(:,:,1) =

    0    0    0    0    0  254  254  254  254  254  254    0    0    0    0    0
    0    0    0    0    0  254  254  254  254  254  254    0    0    0    0    0
    0    0    0    0    0  254  254  254  254  254  254    0    0    0    0    0
    0    0    0    0    0  254  254  254  254  254  254    0    0    0    0    0
    0    0    0    0    0  254  254  254  254  254  254    0    0    0    0    0
    0    0    0    0    0  254  254  254  254  254  254    0    0    0    0    0
    0    0    0    0    0  254  254  254  254  254  254    0    0    0    0    0
    0    0    0    0    0  254  254  254  254  254  254    0    0    0    0    0
    0    0    0    0    0  254  254  254  254  254  254    0    0    0    0    0
    0    0    0    0    0  254  254  254  254  254  254    0    0    0    0    0
    0    0    0    0    0  254  254  254  254  254  254    0    0    0    0    0
    0    0    0    0    0  254  254  254  254  254  254    0    0    0    0    0
    0    0    0    0    0  254  254  254  254  254  254    0    0    0    0    0
    0    0    0    0    0  254  254  254  254  254  254    0    0    0    0    0
    0    0    0    0    0  254  254  254  254  254  254    0    0    0    0    0
    0    0    0    0    0  254  254  254  254  254  254    0    0    0    0    0


C_png(:,:,2) =

    0    0    0    0    0    0    0    0    0    0    0  255  255  255  255  255
    0    0    0    0    0    0    0    0    0    0    0  255  255  255  255  255
    0    0    0    0    0    0    0    0    0    0    0  255  255  255  255  255
    0    0    0    0    0    0    0    0    0    0    0  255  255  255  255  255
    0    0    0    0    0    0    0    0    0    0    0  255  255  255  255  255
    0    0    0    0    0    0    0    0    0    0    0  255  255  255  255  255
    0    0    0    0    0    0    0    0    0    0    0  255  255  255  255  255
    0    0    0    0    0    0    0    0    0    0    0  255  255  255  255  255
    0    0    0    0    0    0    0    0    0    0    0  255  255  255  255  255
    0    0    0    0    0    0    0    0    0    0    0  255  255  255  255  255
    0    0    0    0    0    0    0    0    0    0    0  255  255  255  255  255
    0    0    0    0    0    0    0    0    0    0    0  255  255  255  255  255
    0    0    0    0    0    0    0    0    0    0    0  255  255  255  255  255
    0    0    0    0    0    0    0    0    0    0    0  255  255  255  255  255
    0    0    0    0    0    0    0    0    0    0    0  255  255  255  255  255
    0    0    0    0    0    0    0    0    0    0    0  255  255  255  255  255


C_png(:,:,3) =

  255  255  255  255  255    0    0    0    0    0    0    1    1    1    1    1
  255  255  255  255  255    0    0    0    0    0    0    1    1    1    1    1
  255  255  255  255  255    0    0    0    0    0    0    1    1    1    1    1
  255  255  255  255  255    0    0    0    0    0    0    1    1    1    1    1
  255  255  255  255  255    0    0    0    0    0    0    1    1    1    1    1
  255  255  255  255  255    0    0    0    0    0    0    1    1    1    1    1
  255  255  255  255  255    0    0    0    0    0    0    1    1    1    1    1
  255  255  255  255  255    0    0    0    0    0    0    1    1    1    1    1
  255  255  255  255  255    0    0    0    0    0    0    1    1    1    1    1
  255  255  255  255  255    0    0    0    0    0    0    1    1    1    1    1
  255  255  255  255  255    0    0    0    0    0    0    1    1    1    1    1
  255  255  255  255  255    0    0    0    0    0    0    1    1    1    1    1
  255  255  255  255  255    0    0    0    0    0    0    1    1    1    1    1
  255  255  255  255  255    0    0    0    0    0    0    1    1    1    1    1
  255  255  255  255  255    0    0    0    0    0    0    1    1    1    1    1
  255  255  255  255  255    0    0    0    0    0    0    1    1    1    1    1


C_bmp(:,:,1) =

    0    0    0    0    0  254  254  254  254  254  254    0    0    0    0    0
    0    0    0    0    0  254  254  254  254  254  254    0    0    0    0    0
    0    0    0    0    0  254  254  254  254  254  254    0    0    0    0    0
    0    0    0    0    0  254  254  254  254  254  254    0    0    0    0    0
    0    0    0    0    0  254  254  254  254  254  254    0    0    0    0    0
    0    0    0    0    0  254  254  254  254  254  254    0    0    0    0    0
    0    0    0    0    0  254  254  254  254  254  254    0    0    0    0    0
    0    0    0    0    0  254  254  254  254  254  254    0    0    0    0    0
    0    0    0    0    0  254  254  254  254  254  254    0    0    0    0    0
    0    0    0    0    0  254  254  254  254  254  254    0    0    0    0    0
    0    0    0    0    0  254  254  254  254  254  254    0    0    0    0    0
    0    0    0    0    0  254  254  254  254  254  254    0    0    0    0    0
    0    0    0    0    0  254  254  254  254  254  254    0    0    0    0    0
    0    0    0    0    0  254  254  254  254  254  254    0    0    0    0    0
    0    0    0    0    0  254  254  254  254  254  254    0    0    0    0    0
    0    0    0    0    0  254  254  254  254  254  254    0    0    0    0    0


C_bmp(:,:,2) =

    0    0    0    0    0    0    0    0    0    0    0  255  255  255  255  255
    0    0    0    0    0    0    0    0    0    0    0  255  255  255  255  255
    0    0    0    0    0    0    0    0    0    0    0  255  255  255  255  255
    0    0    0    0    0    0    0    0    0    0    0  255  255  255  255  255
    0    0    0    0    0    0    0    0    0    0    0  255  255  255  255  255
    0    0    0    0    0    0    0    0    0    0    0  255  255  255  255  255
    0    0    0    0    0    0    0    0    0    0    0  255  255  255  255  255
    0    0    0    0    0    0    0    0    0    0    0  255  255  255  255  255
    0    0    0    0    0    0    0    0    0    0    0  255  255  255  255  255
    0    0    0    0    0    0    0    0    0    0    0  255  255  255  255  255
    0    0    0    0    0    0    0    0    0    0    0  255  255  255  255  255
    0    0    0    0    0    0    0    0    0    0    0  255  255  255  255  255
    0    0    0    0    0    0    0    0    0    0    0  255  255  255  255  255
    0    0    0    0    0    0    0    0    0    0    0  255  255  255  255  255
    0    0    0    0    0    0    0    0    0    0    0  255  255  255  255  255
    0    0    0    0    0    0    0    0    0    0    0  255  255  255  255  255


C_bmp(:,:,3) =

  255  255  255  255  255    0    0    0    0    0    0    1    1    1    1    1
  255  255  255  255  255    0    0    0    0    0    0    1    1    1    1    1
  255  255  255  255  255    0    0    0    0    0    0    1    1    1    1    1
  255  255  255  255  255    0    0    0    0    0    0    1    1    1    1    1
  255  255  255  255  255    0    0    0    0    0    0    1    1    1    1    1
  255  255  255  255  255    0    0    0    0    0    0    1    1    1    1    1
  255  255  255  255  255    0    0    0    0    0    0    1    1    1    1    1
  255  255  255  255  255    0    0    0    0    0    0    1    1    1    1    1
  255  255  255  255  255    0    0    0    0    0    0    1    1    1    1    1
  255  255  255  255  255    0    0    0    0    0    0    1    1    1    1    1
  255  255  255  255  255    0    0    0    0    0    0    1    1    1    1    1
  255  255  255  255  255    0    0    0    0    0    0    1    1    1    1    1
  255  255  255  255  255    0    0    0    0    0    0    1    1    1    1    1
  255  255  255  255  255    0    0    0    0    0    0    1    1    1    1    1
  255  255  255  255  255    0    0    0    0    0    0    1    1    1    1    1
  255  255  255  255  255    0    0    0    0    0    0    1    1    1    1    1


C_tif(:,:,1) =

    0    0    0    0    0  254  254  254  254  254  254    0    0    0    0    0
    0    0    0    0    0  254  254  254  254  254  254    0    0    0    0    0
    0    0    0    0    0  254  254  254  254  254  254    0    0    0    0    0
    0    0    0    0    0  254  254  254  254  254  254    0    0    0    0    0
    0    0    0    0    0  254  254  254  254  254  254    0    0    0    0    0
    0    0    0    0    0  254  254  254  254  254  254    0    0    0    0    0
    0    0    0    0    0  254  254  254  254  254  254    0    0    0    0    0
    0    0    0    0    0  254  254  254  254  254  254    0    0    0    0    0
    0    0    0    0    0  254  254  254  254  254  254    0    0    0    0    0
    0    0    0    0    0  254  254  254  254  254  254    0    0    0    0    0
    0    0    0    0    0  254  254  254  254  254  254    0    0    0    0    0
    0    0    0    0    0  254  254  254  254  254  254    0    0    0    0    0
    0    0    0    0    0  254  254  254  254  254  254    0    0    0    0    0
    0    0    0    0    0  254  254  254  254  254  254    0    0    0    0    0
    0    0    0    0    0  254  254  254  254  254  254    0    0    0    0    0
    0    0    0    0    0  254  254  254  254  254  254    0    0    0    0    0


C_tif(:,:,2) =

    0    0    0    0    0    0    0    0    0    0    0  255  255  255  255  255
    0    0    0    0    0    0    0    0    0    0    0  255  255  255  255  255
    0    0    0    0    0    0    0    0    0    0    0  255  255  255  255  255
    0    0    0    0    0    0    0    0    0    0    0  255  255  255  255  255
    0    0    0    0    0    0    0    0    0    0    0  255  255  255  255  255
    0    0    0    0    0    0    0    0    0    0    0  255  255  255  255  255
    0    0    0    0    0    0    0    0    0    0    0  255  255  255  255  255
    0    0    0    0    0    0    0    0    0    0    0  255  255  255  255  255
    0    0    0    0    0    0    0    0    0    0    0  255  255  255  255  255
    0    0    0    0    0    0    0    0    0    0    0  255  255  255  255  255
    0    0    0    0    0    0    0    0    0    0    0  255  255  255  255  255
    0    0    0    0    0    0    0    0    0    0    0  255  255  255  255  255
    0    0    0    0    0    0    0    0    0    0    0  255  255  255  255  255
    0    0    0    0    0    0    0    0    0    0    0  255  255  255  255  255
    0    0    0    0    0    0    0    0    0    0    0  255  255  255  255  255
    0    0    0    0    0    0    0    0    0    0    0  255  255  255  255  255


C_tif(:,:,3) =

  255  255  255  255  255    0    0    0    0    0    0    1    1    1    1    1
  255  255  255  255  255    0    0    0    0    0    0    1    1    1    1    1
  255  255  255  255  255    0    0    0    0    0    0    1    1    1    1    1
  255  255  255  255  255    0    0    0    0    0    0    1    1    1    1    1
  255  255  255  255  255    0    0    0    0    0    0    1    1    1    1    1
  255  255  255  255  255    0    0    0    0    0    0    1    1    1    1    1
  255  255  255  255  255    0    0    0    0    0    0    1    1    1    1    1
  255  255  255  255  255    0    0    0    0    0    0    1    1    1    1    1
  255  255  255  255  255    0    0    0    0    0    0    1    1    1    1    1
  255  255  255  255  255    0    0    0    0    0    0    1    1    1    1    1
  255  255  255  255  255    0    0    0    0    0    0    1    1    1    1    1
  255  255  255  255  255    0    0    0    0    0    0    1    1    1    1    1
  255  255  255  255  255    0    0    0    0    0    0    1    1    1    1    1
  255  255  255  255  255    0    0    0    0    0    0    1    1    1    1    1
  255  255  255  255  255    0    0    0    0    0    0    1    1    1    1    1
  255  255  255  255  255    0    0    0    0    0    0    1    1    1    1    1

