diary on
A = imread('color.jpeg')

A(:,:,1) =

    3    1    2   26   74  174  227  252  253  217  130  126   37    0    1    3
    3    1    2   26   74  174  227  252  253  217  130  126   37    0    1    3
    3    1    2   26   74  174  227  252  253  217  130  126   37    0    1    3
    3    1    2   26   74  174  227  252  253  217  130  126   37    0    1    3
    3    1    2   26   74  174  227  252  253  217  130  126   37    0    1    3
    3    1    2   26   74  174  227  252  253  217  130  126   37    0    1    3
    3    1    2   26   74  174  227  252  253  217  130  126   37    0    1    3
    3    1    2   26   74  174  227  252  253  217  130  126   37    0    1    3
    3    1    2   26   74  174  227  252  253  217  130  126   37    0    1    3
    3    1    2   26   74  174  227  252  253  217  130  126   37    0    1    3
    3    1    2   26   74  174  227  252  253  217  130  126   37    0    1    3
    3    1    2   26   74  174  227  252  253  217  130  126   37    0    1    3
    3    1    2   26   74  174  227  252  253  217  130  126   37    0    1    3
    3    1    2   26   74  174  227  252  253  217  130  126   37    0    1    3
    3    1    2   26   74  174  227  252  253  217  130  126   37    0    1    3
    3    1    2   26   74  174  227  252  253  217  130  126   37    0    1    3


A(:,:,2) =

    0    0    1    0    0   21    7    0    0   27   60  187  234  255  254  251
    0    0    1    0    0   21    7    0    0   27   60  187  234  255  254  251
    0    0    1    0    0   21    7    0    0   27   60  187  234  255  254  251
    0    0    1    0    0   21    7    0    0   27   60  187  234  255  254  251
    0    0    1    0    0   21    7    0    0   27   60  187  234  255  254  251
    0    0    1    0    0   21    7    0    0   27   60  187  234  255  254  251
    0    0    1    0    0   21    7    0    0   27   60  187  234  255  254  251
    0    0    1    0    0   21    7    0    0   27   60  187  234  255  254  251
    0    0    1    0    0   21    7    0    0   27   60  187  234  255  254  251
    0    0    1    0    0   21    7    0    0   27   60  187  234  255  254  251
    0    0    1    0    0   21    7    0    0   27   60  187  234  255  254  251
    0    0    1    0    0   21    7    0    0   27   60  187  234  255  254  251
    0    0    1    0    0   21    7    0    0   27   60  187  234  255  254  251
    0    0    1    0    0   21    7    0    0   27   60  187  234  255  254  251
    0    0    1    0    0   21    7    0    0   27   60  187  234  255  254  251
    0    0    1    0    0   21    7    0    0   27   60  187  234  255  254  251


A(:,:,3) =

  255  252  253  213  137  111   42    2    0    0    0   32    5    0    5    7
  255  252  253  213  137  111   42    2    0    0    0   32    5    0    5    7
  255  252  253  213  137  111   42    2    0    0    0   32    5    0    5    7
  255  252  253  213  137  111   42    2    0    0    0   32    5    0    5    7
  255  252  253  213  137  111   42    2    0    0    0   32    5    0    5    7
  255  252  253  213  137  111   42    2    0    0    0   32    5    0    5    7
  255  252  253  213  137  111   42    2    0    0    0   32    5    0    5    7
  255  252  253  213  137  111   42    2    0    0    0   32    5    0    5    7
  255  252  253  213  137  111   42    2    0    0    0   32    5    0    5    7
  255  252  253  213  137  111   42    2    0    0    0   32    5    0    5    7
  255  252  253  213  137  111   42    2    0    0    0   32    5    0    5    7
  255  252  253  213  137  111   42    2    0    0    0   32    5    0    5    7
  255  252  253  213  137  111   42    2    0    0    0   32    5    0    5    7
  255  252  253  213  137  111   42    2    0    0    0   32    5    0    5    7
  255  252  253  213  137  111   42    2    0    0    0   32    5    0    5    7
  255  252  253  213  137  111   42    2    0    0    0   32    5    0    5    7

A = imread('color.png')

A(:,:,1) =

    0    0    0    0    0  255  255  255  255  255  255    0    0    0    0    0
    0    0    0    0    0  255  255  255  255  255  255    0    0    0    0    0
    0    0    0    0    0  255  255  255  255  255  255    0    0    0    0    0
    0    0    0    0    0  255  255  255  255  255  255    0    0    0    0    0
    0    0    0    0    0  255  255  255  255  255  255    0    0    0    0    0
    0    0    0    0    0  255  255  255  255  255  255    0    0    0    0    0
    0    0    0    0    0  255  255  255  255  255  255    0    0    0    0    0
    0    0    0    0    0  255  255  255  255  255  255    0    0    0    0    0
    0    0    0    0    0  255  255  255  255  255  255    0    0    0    0    0
    0    0    0    0    0  255  255  255  255  255  255    0    0    0    0    0
    0    0    0    0    0  255  255  255  255  255  255    0    0    0    0    0
    0    0    0    0    0  255  255  255  255  255  255    0    0    0    0    0
    0    0    0    0    0  255  255  255  255  255  255    0    0    0    0    0
    0    0    0    0    0  255  255  255  255  255  255    0    0    0    0    0
    0    0    0    0    0  255  255  255  255  255  255    0    0    0    0    0
    0    0    0    0    0  255  255  255  255  255  255    0    0    0    0    0


A(:,:,2) =

    0    0    0    0    0    0    0    0    0    0    0  255  255  255  255  255
    0    0    0    0    0    0    0    0    0    0    0  255  255  255  255  255
    0    0    0    0    0    0    0    0    0    0    0  255  255  255  255  255
    0    0    0    0    0    0    0    0    0    0    0  255  255  255  255  255
    0    0    0    0    0    0    0    0    0    0    0  255  255  255  255  255
    0    0    0    0    0    0    0    0    0    0    0  255  255  255  255  255
    0    0    0    0    0    0    0    0    0    0    0  255  255  255  255  255
    0    0    0    0    0    0    0    0    0    0    0  255  255  255  255  255
    0    0    0    0    0    0    0    0    0    0    0  255  255  255  255  255
    0    0    0    0    0    0    0    0    0    0    0  255  255  255  255  255
    0    0    0    0    0    0    0    0    0    0    0  255  255  255  255  255
    0    0    0    0    0    0    0    0    0    0    0  255  255  255  255  255
    0    0    0    0    0    0    0    0    0    0    0  255  255  255  255  255
    0    0    0    0    0    0    0    0    0    0    0  255  255  255  255  255
    0    0    0    0    0    0    0    0    0    0    0  255  255  255  255  255
    0    0    0    0    0    0    0    0    0    0    0  255  255  255  255  255


A(:,:,3) =

  255  255  255  255  255    0    0    0    0    0    0    0    0    0    0    0
  255  255  255  255  255    0    0    0    0    0    0    0    0    0    0    0
  255  255  255  255  255    0    0    0    0    0    0    0    0    0    0    0
  255  255  255  255  255    0    0    0    0    0    0    0    0    0    0    0
  255  255  255  255  255    0    0    0    0    0    0    0    0    0    0    0
  255  255  255  255  255    0    0    0    0    0    0    0    0    0    0    0
  255  255  255  255  255    0    0    0    0    0    0    0    0    0    0    0
  255  255  255  255  255    0    0    0    0    0    0    0    0    0    0    0
  255  255  255  255  255    0    0    0    0    0    0    0    0    0    0    0
  255  255  255  255  255    0    0    0    0    0    0    0    0    0    0    0
  255  255  255  255  255    0    0    0    0    0    0    0    0    0    0    0
  255  255  255  255  255    0    0    0    0    0    0    0    0    0    0    0
  255  255  255  255  255    0    0    0    0    0    0    0    0    0    0    0
  255  255  255  255  255    0    0    0    0    0    0    0    0    0    0    0
  255  255  255  255  255    0    0    0    0    0    0    0    0    0    0    0
  255  255  255  255  255    0    0    0    0    0    0    0    0    0    0    0

A = imread('color.bmp')

A(:,:,1) =

    0    0    0    0    0  255  255  255  255  255  255    0    0    0    0    0
    0    0    0    0    0  255  255  255  255  255  255    0    0    0    0    0
    0    0    0    0    0  255  255  255  255  255  255    0    0    0    0    0
    0    0    0    0    0  255  255  255  255  255  255    0    0    0    0    0
    0    0    0    0    0  255  255  255  255  255  255    0    0    0    0    0
    0    0    0    0    0  255  255  255  255  255  255    0    0    0    0    0
    0    0    0    0    0  255  255  255  255  255  255    0    0    0    0    0
    0    0    0    0    0  255  255  255  255  255  255    0    0    0    0    0
    0    0    0    0    0  255  255  255  255  255  255    0    0    0    0    0
    0    0    0    0    0  255  255  255  255  255  255    0    0    0    0    0
    0    0    0    0    0  255  255  255  255  255  255    0    0    0    0    0
    0    0    0    0    0  255  255  255  255  255  255    0    0    0    0    0
    0    0    0    0    0  255  255  255  255  255  255    0    0    0    0    0
    0    0    0    0    0  255  255  255  255  255  255    0    0    0    0    0
    0    0    0    0    0  255  255  255  255  255  255    0    0    0    0    0
    0    0    0    0    0  255  255  255  255  255  255    0    0    0    0    0


A(:,:,2) =

    0    0    0    0    0    0    0    0    0    0    0  255  255  255  255  255
    0    0    0    0    0    0    0    0    0    0    0  255  255  255  255  255
    0    0    0    0    0    0    0    0    0    0    0  255  255  255  255  255
    0    0    0    0    0    0    0    0    0    0    0  255  255  255  255  255
    0    0    0    0    0    0    0    0    0    0    0  255  255  255  255  255
    0    0    0    0    0    0    0    0    0    0    0  255  255  255  255  255
    0    0    0    0    0    0    0    0    0    0    0  255  255  255  255  255
    0    0    0    0    0    0    0    0    0    0    0  255  255  255  255  255
    0    0    0    0    0    0    0    0    0    0    0  255  255  255  255  255
    0    0    0    0    0    0    0    0    0    0    0  255  255  255  255  255
    0    0    0    0    0    0    0    0    0    0    0  255  255  255  255  255
    0    0    0    0    0    0    0    0    0    0    0  255  255  255  255  255
    0    0    0    0    0    0    0    0    0    0    0  255  255  255  255  255
    0    0    0    0    0    0    0    0    0    0    0  255  255  255  255  255
    0    0    0    0    0    0    0    0    0    0    0  255  255  255  255  255
    0    0    0    0    0    0    0    0    0    0    0  255  255  255  255  255


A(:,:,3) =

  255  255  255  255  255    0    0    0    0    0    0    0    0    0    0    0
  255  255  255  255  255    0    0    0    0    0    0    0    0    0    0    0
  255  255  255  255  255    0    0    0    0    0    0    0    0    0    0    0
  255  255  255  255  255    0    0    0    0    0    0    0    0    0    0    0
  255  255  255  255  255    0    0    0    0    0    0    0    0    0    0    0
  255  255  255  255  255    0    0    0    0    0    0    0    0    0    0    0
  255  255  255  255  255    0    0    0    0    0    0    0    0    0    0    0
  255  255  255  255  255    0    0    0    0    0    0    0    0    0    0    0
  255  255  255  255  255    0    0    0    0    0    0    0    0    0    0    0
  255  255  255  255  255    0    0    0    0    0    0    0    0    0    0    0
  255  255  255  255  255    0    0    0    0    0    0    0    0    0    0    0
  255  255  255  255  255    0    0    0    0    0    0    0    0    0    0    0
  255  255  255  255  255    0    0    0    0    0    0    0    0    0    0    0
  255  255  255  255  255    0    0    0    0    0    0    0    0    0    0    0
  255  255  255  255  255    0    0    0    0    0    0    0    0    0    0    0
  255  255  255  255  255    0    0    0    0    0    0    0    0    0    0    0

A = imread('color.tif')

A(:,:,1) =

    0    0    0    0    0  255  255  255  255  255  255    0    0    0    0    0
    0    0    0    0    0  255  255  255  255  255  255    0    0    0    0    0
    0    0    0    0    0  255  255  255  255  255  255    0    0    0    0    0
    0    0    0    0    0  255  255  255  255  255  255    0    0    0    0    0
    0    0    0    0    0  255  255  255  255  255  255    0    0    0    0    0
    0    0    0    0    0  255  255  255  255  255  255    0    0    0    0    0
    0    0    0    0    0  255  255  255  255  255  255    0    0    0    0    0
    0    0    0    0    0  255  255  255  255  255  255    0    0    0    0    0
    0    0    0    0    0  255  255  255  255  255  255    0    0    0    0    0
    0    0    0    0    0  255  255  255  255  255  255    0    0    0    0    0
    0    0    0    0    0  255  255  255  255  255  255    0    0    0    0    0
    0    0    0    0    0  255  255  255  255  255  255    0    0    0    0    0
    0    0    0    0    0  255  255  255  255  255  255    0    0    0    0    0
    0    0    0    0    0  255  255  255  255  255  255    0    0    0    0    0
    0    0    0    0    0  255  255  255  255  255  255    0    0    0    0    0
    0    0    0    0    0  255  255  255  255  255  255    0    0    0    0    0


A(:,:,2) =

    0    0    0    0    0    0    0    0    0    0    0  255  255  255  255  255
    0    0    0    0    0    0    0    0    0    0    0  255  255  255  255  255
    0    0    0    0    0    0    0    0    0    0    0  255  255  255  255  255
    0    0    0    0    0    0    0    0    0    0    0  255  255  255  255  255
    0    0    0    0    0    0    0    0    0    0    0  255  255  255  255  255
    0    0    0    0    0    0    0    0    0    0    0  255  255  255  255  255
    0    0    0    0    0    0    0    0    0    0    0  255  255  255  255  255
    0    0    0    0    0    0    0    0    0    0    0  255  255  255  255  255
    0    0    0    0    0    0    0    0    0    0    0  255  255  255  255  255
    0    0    0    0    0    0    0    0    0    0    0  255  255  255  255  255
    0    0    0    0    0    0    0    0    0    0    0  255  255  255  255  255
    0    0    0    0    0    0    0    0    0    0    0  255  255  255  255  255
    0    0    0    0    0    0    0    0    0    0    0  255  255  255  255  255
    0    0    0    0    0    0    0    0    0    0    0  255  255  255  255  255
    0    0    0    0    0    0    0    0    0    0    0  255  255  255  255  255
    0    0    0    0    0    0    0    0    0    0    0  255  255  255  255  255


A(:,:,3) =

  255  255  255  255  255    0    0    0    0    0    0    0    0    0    0    0
  255  255  255  255  255    0    0    0    0    0    0    0    0    0    0    0
  255  255  255  255  255    0    0    0    0    0    0    0    0    0    0    0
  255  255  255  255  255    0    0    0    0    0    0    0    0    0    0    0
  255  255  255  255  255    0    0    0    0    0    0    0    0    0    0    0
  255  255  255  255  255    0    0    0    0    0    0    0    0    0    0    0
  255  255  255  255  255    0    0    0    0    0    0    0    0    0    0    0
  255  255  255  255  255    0    0    0    0    0    0    0    0    0    0    0
  255  255  255  255  255    0    0    0    0    0    0    0    0    0    0    0
  255  255  255  255  255    0    0    0    0    0    0    0    0    0    0    0
  255  255  255  255  255    0    0    0    0    0    0    0    0    0    0    0
  255  255  255  255  255    0    0    0    0    0    0    0    0    0    0    0
  255  255  255  255  255    0    0    0    0    0    0    0    0    0    0    0
  255  255  255  255  255    0    0    0    0    0    0    0    0    0    0    0
  255  255  255  255  255    0    0    0    0    0    0    0    0    0    0    0
  255  255  255  255  255    0    0    0    0    0    0    0    0    0    0    0


A(:,:,4) =

  255  255  255  255  255  255  255  255  255  255  255  255  255  255  255  255
  255  255  255  255  255  255  255  255  255  255  255  255  255  255  255  255
  255  255  255  255  255  255  255  255  255  255  255  255  255  255  255  255
  255  255  255  255  255  255  255  255  255  255  255  255  255  255  255  255
  255  255  255  255  255  255  255  255  255  255  255  255  255  255  255  255
  255  255  255  255  255  255  255  255  255  255  255  255  255  255  255  255
  255  255  255  255  255  255  255  255  255  255  255  255  255  255  255  255
  255  255  255  255  255  255  255  255  255  255  255  255  255  255  255  255
  255  255  255  255  255  255  255  255  255  255  255  255  255  255  255  255
  255  255  255  255  255  255  255  255  255  255  255  255  255  255  255  255
  255  255  255  255  255  255  255  255  255  255  255  255  255  255  255  255
  255  255  255  255  255  255  255  255  255  255  255  255  255  255  255  255
  255  255  255  255  255  255  255  255  255  255  255  255  255  255  255  255
  255  255  255  255  255  255  255  255  255  255  255  255  255  255  255  255
  255  255  255  255  255  255  255  255  255  255  255  255  255  255  255  255
  255  255  255  255  255  255  255  255  255  255  255  255  255  255  255  255

diary off
