
B_jpeg(:,:,1) =

   42   41   42   44   48   82   82   81   81   85   80  146  144  145  145  144
   42   41   42   44   48   82   82   81   81   85   80  146  144  145  145  144
   42   41   42   44   48   82   82   81   81   85   80  146  144  145  145  144
   42   41   42   44   48   82   82   81   81   85   80  146  144  145  145  144
   42   41   42   44   48   82   82   81   81   85   80  146  144  145  145  144
   42   41   42   44   48   82   82   81   81   85   80  146  144  145  145  144
   42   41   42   44   48   82   82   81   81   85   80  146  144  145  145  144
   42   41   42   44   48   82   82   81   81   85   80  146  144  145  145  144
   42   41   42   44   48   82   82   81   81   85   80  146  144  145  145  144
   42   41   42   44   48   82   82   81   81   85   80  146  144  145  145  144
   42   41   42   44   48   82   82   81   81   85   80  146  144  145  145  144
   42   41   42   44   48   82   82   81   81   85   80  146  144  145  145  144
   42   41   42   44   48   82   82   81   81   85   80  146  144  145  145  144
   42   41   42   44   48   82   82   81   81   85   80  146  144  145  145  144
   42   41   42   44   48   82   82   81   81   85   80  146  144  145  145  144
   42   41   42   44   48   82   82   81   81   85   80  146  144  145  145  144


B_jpeg(:,:,2) =

  240  239  239  218  177  145  111   92   90   88   91   69   57   54   56   58
  240  239  239  218  177  145  111   92   90   88   91   69   57   54   56   58
  240  239  239  218  177  145  111   92   90   88   91   69   57   54   56   58
  240  239  239  218  177  145  111   92   90   88   91   69   57   54   56   58
  240  239  239  218  177  145  111   92   90   88   91   69   57   54   56   58
  240  239  239  218  177  145  111   92   90   88   91   69   57   54   56   58
  240  239  239  218  177  145  111   92   90   88   91   69   57   54   56   58
  240  239  239  218  177  145  111   92   90   88   91   69   57   54   56   58
  240  239  239  218  177  145  111   92   90   88   91   69   57   54   56   58
  240  239  239  218  177  145  111   92   90   88   91   69   57   54   56   58
  240  239  239  218  177  145  111   92   90   88   91   69   57   54   56   58
  240  239  239  218  177  145  111   92   90   88   91   69   57   54   56   58
  240  239  239  218  177  145  111   92   90   88   91   69   57   54   56   58
  240  239  239  218  177  145  111   92   90   88   91   69   57   54   56   58
  240  239  239  218  177  145  111   92   90   88   91   69   57   54   56   58
  240  239  239  218  177  145  111   92   90   88   91   69   57   54   56   58


B_jpeg(:,:,3) =

  111  110  110  124  151  189  222  239  239  213  163  112   58   34   35   37
  111  110  110  124  151  189  222  239  239  213  163  112   58   34   35   37
  111  110  110  124  151  189  222  239  239  213  163  112   58   34   35   37
  111  110  110  124  151  189  222  239  239  213  163  112   58   34   35   37
  111  110  110  124  151  189  222  239  239  213  163  112   58   34   35   37
  111  110  110  124  151  189  222  239  239  213  163  112   58   34   35   37
  111  110  110  124  151  189  222  239  239  213  163  112   58   34   35   37
  111  110  110  124  151  189  222  239  239  213  163  112   58   34   35   37
  111  110  110  124  151  189  222  239  239  213  163  112   58   34   35   37
  111  110  110  124  151  189  222  239  239  213  163  112   58   34   35   37
  111  110  110  124  151  189  222  239  239  213  163  112   58   34   35   37
  111  110  110  124  151  189  222  239  239  213  163  112   58   34   35   37
  111  110  110  124  151  189  222  239  239  213  163  112   58   34   35   37
  111  110  110  124  151  189  222  239  239  213  163  112   58   34   35   37
  111  110  110  124  151  189  222  239  239  213  163  112   58   34   35   37
  111  110  110  124  151  189  222  239  239  213  163  112   58   34   35   37


B_png(:,:,1) =

   41   41   41   41   41   81   81   81   81   81   81  145  145  145  145  145
   41   41   41   41   41   81   81   81   81   81   81  145  145  145  145  145
   41   41   41   41   41   81   81   81   81   81   81  145  145  145  145  145
   41   41   41   41   41   81   81   81   81   81   81  145  145  145  145  145
   41   41   41   41   41   81   81   81   81   81   81  145  145  145  145  145
   41   41   41   41   41   81   81   81   81   81   81  145  145  145  145  145
   41   41   41   41   41   81   81   81   81   81   81  145  145  145  145  145
   41   41   41   41   41   81   81   81   81   81   81  145  145  145  145  145
   41   41   41   41   41   81   81   81   81   81   81  145  145  145  145  145
   41   41   41   41   41   81   81   81   81   81   81  145  145  145  145  145
   41   41   41   41   41   81   81   81   81   81   81  145  145  145  145  145
   41   41   41   41   41   81   81   81   81   81   81  145  145  145  145  145
   41   41   41   41   41   81   81   81   81   81   81  145  145  145  145  145
   41   41   41   41   41   81   81   81   81   81   81  145  145  145  145  145
   41   41   41   41   41   81   81   81   81   81   81  145  145  145  145  145
   41   41   41   41   41   81   81   81   81   81   81  145  145  145  145  145


B_png(:,:,2) =

  240  240  240  240  240   90   90   90   90   90   90   54   54   54   54   54
  240  240  240  240  240   90   90   90   90   90   90   54   54   54   54   54
  240  240  240  240  240   90   90   90   90   90   90   54   54   54   54   54
  240  240  240  240  240   90   90   90   90   90   90   54   54   54   54   54
  240  240  240  240  240   90   90   90   90   90   90   54   54   54   54   54
  240  240  240  240  240   90   90   90   90   90   90   54   54   54   54   54
  240  240  240  240  240   90   90   90   90   90   90   54   54   54   54   54
  240  240  240  240  240   90   90   90   90   90   90   54   54   54   54   54
  240  240  240  240  240   90   90   90   90   90   90   54   54   54   54   54
  240  240  240  240  240   90   90   90   90   90   90   54   54   54   54   54
  240  240  240  240  240   90   90   90   90   90   90   54   54   54   54   54
  240  240  240  240  240   90   90   90   90   90   90   54   54   54   54   54
  240  240  240  240  240   90   90   90   90   90   90   54   54   54   54   54
  240  240  240  240  240   90   90   90   90   90   90   54   54   54   54   54
  240  240  240  240  240   90   90   90   90   90   90   54   54   54   54   54
  240  240  240  240  240   90   90   90   90   90   90   54   54   54   54   54


B_png(:,:,3) =

  110  110  110  110  110  240  240  240  240  240  240   34   34   34   34   34
  110  110  110  110  110  240  240  240  240  240  240   34   34   34   34   34
  110  110  110  110  110  240  240  240  240  240  240   34   34   34   34   34
  110  110  110  110  110  240  240  240  240  240  240   34   34   34   34   34
  110  110  110  110  110  240  240  240  240  240  240   34   34   34   34   34
  110  110  110  110  110  240  240  240  240  240  240   34   34   34   34   34
  110  110  110  110  110  240  240  240  240  240  240   34   34   34   34   34
  110  110  110  110  110  240  240  240  240  240  240   34   34   34   34   34
  110  110  110  110  110  240  240  240  240  240  240   34   34   34   34   34
  110  110  110  110  110  240  240  240  240  240  240   34   34   34   34   34
  110  110  110  110  110  240  240  240  240  240  240   34   34   34   34   34
  110  110  110  110  110  240  240  240  240  240  240   34   34   34   34   34
  110  110  110  110  110  240  240  240  240  240  240   34   34   34   34   34
  110  110  110  110  110  240  240  240  240  240  240   34   34   34   34   34
  110  110  110  110  110  240  240  240  240  240  240   34   34   34   34   34
  110  110  110  110  110  240  240  240  240  240  240   34   34   34   34   34


B_bmp(:,:,1) =

   41   41   41   41   41   81   81   81   81   81   81  145  145  145  145  145
   41   41   41   41   41   81   81   81   81   81   81  145  145  145  145  145
   41   41   41   41   41   81   81   81   81   81   81  145  145  145  145  145
   41   41   41   41   41   81   81   81   81   81   81  145  145  145  145  145
   41   41   41   41   41   81   81   81   81   81   81  145  145  145  145  145
   41   41   41   41   41   81   81   81   81   81   81  145  145  145  145  145
   41   41   41   41   41   81   81   81   81   81   81  145  145  145  145  145
   41   41   41   41   41   81   81   81   81   81   81  145  145  145  145  145
   41   41   41   41   41   81   81   81   81   81   81  145  145  145  145  145
   41   41   41   41   41   81   81   81   81   81   81  145  145  145  145  145
   41   41   41   41   41   81   81   81   81   81   81  145  145  145  145  145
   41   41   41   41   41   81   81   81   81   81   81  145  145  145  145  145
   41   41   41   41   41   81   81   81   81   81   81  145  145  145  145  145
   41   41   41   41   41   81   81   81   81   81   81  145  145  145  145  145
   41   41   41   41   41   81   81   81   81   81   81  145  145  145  145  145
   41   41   41   41   41   81   81   81   81   81   81  145  145  145  145  145


B_bmp(:,:,2) =

  240  240  240  240  240   90   90   90   90   90   90   54   54   54   54   54
  240  240  240  240  240   90   90   90   90   90   90   54   54   54   54   54
  240  240  240  240  240   90   90   90   90   90   90   54   54   54   54   54
  240  240  240  240  240   90   90   90   90   90   90   54   54   54   54   54
  240  240  240  240  240   90   90   90   90   90   90   54   54   54   54   54
  240  240  240  240  240   90   90   90   90   90   90   54   54   54   54   54
  240  240  240  240  240   90   90   90   90   90   90   54   54   54   54   54
  240  240  240  240  240   90   90   90   90   90   90   54   54   54   54   54
  240  240  240  240  240   90   90   90   90   90   90   54   54   54   54   54
  240  240  240  240  240   90   90   90   90   90   90   54   54   54   54   54
  240  240  240  240  240   90   90   90   90   90   90   54   54   54   54   54
  240  240  240  240  240   90   90   90   90   90   90   54   54   54   54   54
  240  240  240  240  240   90   90   90   90   90   90   54   54   54   54   54
  240  240  240  240  240   90   90   90   90   90   90   54   54   54   54   54
  240  240  240  240  240   90   90   90   90   90   90   54   54   54   54   54
  240  240  240  240  240   90   90   90   90   90   90   54   54   54   54   54


B_bmp(:,:,3) =

  110  110  110  110  110  240  240  240  240  240  240   34   34   34   34   34
  110  110  110  110  110  240  240  240  240  240  240   34   34   34   34   34
  110  110  110  110  110  240  240  240  240  240  240   34   34   34   34   34
  110  110  110  110  110  240  240  240  240  240  240   34   34   34   34   34
  110  110  110  110  110  240  240  240  240  240  240   34   34   34   34   34
  110  110  110  110  110  240  240  240  240  240  240   34   34   34   34   34
  110  110  110  110  110  240  240  240  240  240  240   34   34   34   34   34
  110  110  110  110  110  240  240  240  240  240  240   34   34   34   34   34
  110  110  110  110  110  240  240  240  240  240  240   34   34   34   34   34
  110  110  110  110  110  240  240  240  240  240  240   34   34   34   34   34
  110  110  110  110  110  240  240  240  240  240  240   34   34   34   34   34
  110  110  110  110  110  240  240  240  240  240  240   34   34   34   34   34
  110  110  110  110  110  240  240  240  240  240  240   34   34   34   34   34
  110  110  110  110  110  240  240  240  240  240  240   34   34   34   34   34
  110  110  110  110  110  240  240  240  240  240  240   34   34   34   34   34
  110  110  110  110  110  240  240  240  240  240  240   34   34   34   34   34


B_tif(:,:,1) =

   41   41   41   41   41   81   81   81   81   81   81  145  145  145  145  145
   41   41   41   41   41   81   81   81   81   81   81  145  145  145  145  145
   41   41   41   41   41   81   81   81   81   81   81  145  145  145  145  145
   41   41   41   41   41   81   81   81   81   81   81  145  145  145  145  145
   41   41   41   41   41   81   81   81   81   81   81  145  145  145  145  145
   41   41   41   41   41   81   81   81   81   81   81  145  145  145  145  145
   41   41   41   41   41   81   81   81   81   81   81  145  145  145  145  145
   41   41   41   41   41   81   81   81   81   81   81  145  145  145  145  145
   41   41   41   41   41   81   81   81   81   81   81  145  145  145  145  145
   41   41   41   41   41   81   81   81   81   81   81  145  145  145  145  145
   41   41   41   41   41   81   81   81   81   81   81  145  145  145  145  145
   41   41   41   41   41   81   81   81   81   81   81  145  145  145  145  145
   41   41   41   41   41   81   81   81   81   81   81  145  145  145  145  145
   41   41   41   41   41   81   81   81   81   81   81  145  145  145  145  145
   41   41   41   41   41   81   81   81   81   81   81  145  145  145  145  145
   41   41   41   41   41   81   81   81   81   81   81  145  145  145  145  145


B_tif(:,:,2) =

  240  240  240  240  240   90   90   90   90   90   90   54   54   54   54   54
  240  240  240  240  240   90   90   90   90   90   90   54   54   54   54   54
  240  240  240  240  240   90   90   90   90   90   90   54   54   54   54   54
  240  240  240  240  240   90   90   90   90   90   90   54   54   54   54   54
  240  240  240  240  240   90   90   90   90   90   90   54   54   54   54   54
  240  240  240  240  240   90   90   90   90   90   90   54   54   54   54   54
  240  240  240  240  240   90   90   90   90   90   90   54   54   54   54   54
  240  240  240  240  240   90   90   90   90   90   90   54   54   54   54   54
  240  240  240  240  240   90   90   90   90   90   90   54   54   54   54   54
  240  240  240  240  240   90   90   90   90   90   90   54   54   54   54   54
  240  240  240  240  240   90   90   90   90   90   90   54   54   54   54   54
  240  240  240  240  240   90   90   90   90   90   90   54   54   54   54   54
  240  240  240  240  240   90   90   90   90   90   90   54   54   54   54   54
  240  240  240  240  240   90   90   90   90   90   90   54   54   54   54   54
  240  240  240  240  240   90   90   90   90   90   90   54   54   54   54   54
  240  240  240  240  240   90   90   90   90   90   90   54   54   54   54   54


B_tif(:,:,3) =

  110  110  110  110  110  240  240  240  240  240  240   34   34   34   34   34
  110  110  110  110  110  240  240  240  240  240  240   34   34   34   34   34
  110  110  110  110  110  240  240  240  240  240  240   34   34   34   34   34
  110  110  110  110  110  240  240  240  240  240  240   34   34   34   34   34
  110  110  110  110  110  240  240  240  240  240  240   34   34   34   34   34
  110  110  110  110  110  240  240  240  240  240  240   34   34   34   34   34
  110  110  110  110  110  240  240  240  240  240  240   34   34   34   34   34
  110  110  110  110  110  240  240  240  240  240  240   34   34   34   34   34
  110  110  110  110  110  240  240  240  240  240  240   34   34   34   34   34
  110  110  110  110  110  240  240  240  240  240  240   34   34   34   34   34
  110  110  110  110  110  240  240  240  240  240  240   34   34   34   34   34
  110  110  110  110  110  240  240  240  240  240  240   34   34   34   34   34
  110  110  110  110  110  240  240  240  240  240  240   34   34   34   34   34
  110  110  110  110  110  240  240  240  240  240  240   34   34   34   34   34
  110  110  110  110  110  240  240  240  240  240  240   34   34   34   34   34
  110  110  110  110  110  240  240  240  240  240  240   34   34   34   34   34


B_jpeg(:,:,1) =

   42   41   42   44   48   82   82   81   81   85   80  146  144  145  145  144
   42   41   42   44   48   82   82   81   81   85   80  146  144  145  145  144
   42   41   42   44   48   82   82   81   81   85   80  146  144  145  145  144
   42   41   42   44   48   82   82   81   81   85   80  146  144  145  145  144
   42   41   42   44   48   82   82   81   81   85   80  146  144  145  145  144
   42   41   42   44   48   82   82   81   81   85   80  146  144  145  145  144
   42   41   42   44   48   82   82   81   81   85   80  146  144  145  145  144
   42   41   42   44   48   82   82   81   81   85   80  146  144  145  145  144
   42   41   42   44   48   82   82   81   81   85   80  146  144  145  145  144
   42   41   42   44   48   82   82   81   81   85   80  146  144  145  145  144
   42   41   42   44   48   82   82   81   81   85   80  146  144  145  145  144
   42   41   42   44   48   82   82   81   81   85   80  146  144  145  145  144
   42   41   42   44   48   82   82   81   81   85   80  146  144  145  145  144
   42   41   42   44   48   82   82   81   81   85   80  146  144  145  145  144
   42   41   42   44   48   82   82   81   81   85   80  146  144  145  145  144
   42   41   42   44   48   82   82   81   81   85   80  146  144  145  145  144


B_jpeg(:,:,2) =

  240  239  239  218  177  145  111   92   90   88   91   69   57   54   56   58
  240  239  239  218  177  145  111   92   90   88   91   69   57   54   56   58
  240  239  239  218  177  145  111   92   90   88   91   69   57   54   56   58
  240  239  239  218  177  145  111   92   90   88   91   69   57   54   56   58
  240  239  239  218  177  145  111   92   90   88   91   69   57   54   56   58
  240  239  239  218  177  145  111   92   90   88   91   69   57   54   56   58
  240  239  239  218  177  145  111   92   90   88   91   69   57   54   56   58
  240  239  239  218  177  145  111   92   90   88   91   69   57   54   56   58
  240  239  239  218  177  145  111   92   90   88   91   69   57   54   56   58
  240  239  239  218  177  145  111   92   90   88   91   69   57   54   56   58
  240  239  239  218  177  145  111   92   90   88   91   69   57   54   56   58
  240  239  239  218  177  145  111   92   90   88   91   69   57   54   56   58
  240  239  239  218  177  145  111   92   90   88   91   69   57   54   56   58
  240  239  239  218  177  145  111   92   90   88   91   69   57   54   56   58
  240  239  239  218  177  145  111   92   90   88   91   69   57   54   56   58
  240  239  239  218  177  145  111   92   90   88   91   69   57   54   56   58


B_jpeg(:,:,3) =

  111  110  110  124  151  189  222  239  239  213  163  112   58   34   35   37
  111  110  110  124  151  189  222  239  239  213  163  112   58   34   35   37
  111  110  110  124  151  189  222  239  239  213  163  112   58   34   35   37
  111  110  110  124  151  189  222  239  239  213  163  112   58   34   35   37
  111  110  110  124  151  189  222  239  239  213  163  112   58   34   35   37
  111  110  110  124  151  189  222  239  239  213  163  112   58   34   35   37
  111  110  110  124  151  189  222  239  239  213  163  112   58   34   35   37
  111  110  110  124  151  189  222  239  239  213  163  112   58   34   35   37
  111  110  110  124  151  189  222  239  239  213  163  112   58   34   35   37
  111  110  110  124  151  189  222  239  239  213  163  112   58   34   35   37
  111  110  110  124  151  189  222  239  239  213  163  112   58   34   35   37
  111  110  110  124  151  189  222  239  239  213  163  112   58   34   35   37
  111  110  110  124  151  189  222  239  239  213  163  112   58   34   35   37
  111  110  110  124  151  189  222  239  239  213  163  112   58   34   35   37
  111  110  110  124  151  189  222  239  239  213  163  112   58   34   35   37
  111  110  110  124  151  189  222  239  239  213  163  112   58   34   35   37


B_png(:,:,1) =

   41   41   41   41   41   81   81   81   81   81   81  145  145  145  145  145
   41   41   41   41   41   81   81   81   81   81   81  145  145  145  145  145
   41   41   41   41   41   81   81   81   81   81   81  145  145  145  145  145
   41   41   41   41   41   81   81   81   81   81   81  145  145  145  145  145
   41   41   41   41   41   81   81   81   81   81   81  145  145  145  145  145
   41   41   41   41   41   81   81   81   81   81   81  145  145  145  145  145
   41   41   41   41   41   81   81   81   81   81   81  145  145  145  145  145
   41   41   41   41   41   81   81   81   81   81   81  145  145  145  145  145
   41   41   41   41   41   81   81   81   81   81   81  145  145  145  145  145
   41   41   41   41   41   81   81   81   81   81   81  145  145  145  145  145
   41   41   41   41   41   81   81   81   81   81   81  145  145  145  145  145
   41   41   41   41   41   81   81   81   81   81   81  145  145  145  145  145
   41   41   41   41   41   81   81   81   81   81   81  145  145  145  145  145
   41   41   41   41   41   81   81   81   81   81   81  145  145  145  145  145
   41   41   41   41   41   81   81   81   81   81   81  145  145  145  145  145
   41   41   41   41   41   81   81   81   81   81   81  145  145  145  145  145


B_png(:,:,2) =

  240  240  240  240  240   90   90   90   90   90   90   54   54   54   54   54
  240  240  240  240  240   90   90   90   90   90   90   54   54   54   54   54
  240  240  240  240  240   90   90   90   90   90   90   54   54   54   54   54
  240  240  240  240  240   90   90   90   90   90   90   54   54   54   54   54
  240  240  240  240  240   90   90   90   90   90   90   54   54   54   54   54
  240  240  240  240  240   90   90   90   90   90   90   54   54   54   54   54
  240  240  240  240  240   90   90   90   90   90   90   54   54   54   54   54
  240  240  240  240  240   90   90   90   90   90   90   54   54   54   54   54
  240  240  240  240  240   90   90   90   90   90   90   54   54   54   54   54
  240  240  240  240  240   90   90   90   90   90   90   54   54   54   54   54
  240  240  240  240  240   90   90   90   90   90   90   54   54   54   54   54
  240  240  240  240  240   90   90   90   90   90   90   54   54   54   54   54
  240  240  240  240  240   90   90   90   90   90   90   54   54   54   54   54
  240  240  240  240  240   90   90   90   90   90   90   54   54   54   54   54
  240  240  240  240  240   90   90   90   90   90   90   54   54   54   54   54
  240  240  240  240  240   90   90   90   90   90   90   54   54   54   54   54


B_png(:,:,3) =

  110  110  110  110  110  240  240  240  240  240  240   34   34   34   34   34
  110  110  110  110  110  240  240  240  240  240  240   34   34   34   34   34
  110  110  110  110  110  240  240  240  240  240  240   34   34   34   34   34
  110  110  110  110  110  240  240  240  240  240  240   34   34   34   34   34
  110  110  110  110  110  240  240  240  240  240  240   34   34   34   34   34
  110  110  110  110  110  240  240  240  240  240  240   34   34   34   34   34
  110  110  110  110  110  240  240  240  240  240  240   34   34   34   34   34
  110  110  110  110  110  240  240  240  240  240  240   34   34   34   34   34
  110  110  110  110  110  240  240  240  240  240  240   34   34   34   34   34
  110  110  110  110  110  240  240  240  240  240  240   34   34   34   34   34
  110  110  110  110  110  240  240  240  240  240  240   34   34   34   34   34
  110  110  110  110  110  240  240  240  240  240  240   34   34   34   34   34
  110  110  110  110  110  240  240  240  240  240  240   34   34   34   34   34
  110  110  110  110  110  240  240  240  240  240  240   34   34   34   34   34
  110  110  110  110  110  240  240  240  240  240  240   34   34   34   34   34
  110  110  110  110  110  240  240  240  240  240  240   34   34   34   34   34


B_bmp(:,:,1) =

   41   41   41   41   41   81   81   81   81   81   81  145  145  145  145  145
   41   41   41   41   41   81   81   81   81   81   81  145  145  145  145  145
   41   41   41   41   41   81   81   81   81   81   81  145  145  145  145  145
   41   41   41   41   41   81   81   81   81   81   81  145  145  145  145  145
   41   41   41   41   41   81   81   81   81   81   81  145  145  145  145  145
   41   41   41   41   41   81   81   81   81   81   81  145  145  145  145  145
   41   41   41   41   41   81   81   81   81   81   81  145  145  145  145  145
   41   41   41   41   41   81   81   81   81   81   81  145  145  145  145  145
   41   41   41   41   41   81   81   81   81   81   81  145  145  145  145  145
   41   41   41   41   41   81   81   81   81   81   81  145  145  145  145  145
   41   41   41   41   41   81   81   81   81   81   81  145  145  145  145  145
   41   41   41   41   41   81   81   81   81   81   81  145  145  145  145  145
   41   41   41   41   41   81   81   81   81   81   81  145  145  145  145  145
   41   41   41   41   41   81   81   81   81   81   81  145  145  145  145  145
   41   41   41   41   41   81   81   81   81   81   81  145  145  145  145  145
   41   41   41   41   41   81   81   81   81   81   81  145  145  145  145  145


B_bmp(:,:,2) =

  240  240  240  240  240   90   90   90   90   90   90   54   54   54   54   54
  240  240  240  240  240   90   90   90   90   90   90   54   54   54   54   54
  240  240  240  240  240   90   90   90   90   90   90   54   54   54   54   54
  240  240  240  240  240   90   90   90   90   90   90   54   54   54   54   54
  240  240  240  240  240   90   90   90   90   90   90   54   54   54   54   54
  240  240  240  240  240   90   90   90   90   90   90   54   54   54   54   54
  240  240  240  240  240   90   90   90   90   90   90   54   54   54   54   54
  240  240  240  240  240   90   90   90   90   90   90   54   54   54   54   54
  240  240  240  240  240   90   90   90   90   90   90   54   54   54   54   54
  240  240  240  240  240   90   90   90   90   90   90   54   54   54   54   54
  240  240  240  240  240   90   90   90   90   90   90   54   54   54   54   54
  240  240  240  240  240   90   90   90   90   90   90   54   54   54   54   54
  240  240  240  240  240   90   90   90   90   90   90   54   54   54   54   54
  240  240  240  240  240   90   90   90   90   90   90   54   54   54   54   54
  240  240  240  240  240   90   90   90   90   90   90   54   54   54   54   54
  240  240  240  240  240   90   90   90   90   90   90   54   54   54   54   54


B_bmp(:,:,3) =

  110  110  110  110  110  240  240  240  240  240  240   34   34   34   34   34
  110  110  110  110  110  240  240  240  240  240  240   34   34   34   34   34
  110  110  110  110  110  240  240  240  240  240  240   34   34   34   34   34
  110  110  110  110  110  240  240  240  240  240  240   34   34   34   34   34
  110  110  110  110  110  240  240  240  240  240  240   34   34   34   34   34
  110  110  110  110  110  240  240  240  240  240  240   34   34   34   34   34
  110  110  110  110  110  240  240  240  240  240  240   34   34   34   34   34
  110  110  110  110  110  240  240  240  240  240  240   34   34   34   34   34
  110  110  110  110  110  240  240  240  240  240  240   34   34   34   34   34
  110  110  110  110  110  240  240  240  240  240  240   34   34   34   34   34
  110  110  110  110  110  240  240  240  240  240  240   34   34   34   34   34
  110  110  110  110  110  240  240  240  240  240  240   34   34   34   34   34
  110  110  110  110  110  240  240  240  240  240  240   34   34   34   34   34
  110  110  110  110  110  240  240  240  240  240  240   34   34   34   34   34
  110  110  110  110  110  240  240  240  240  240  240   34   34   34   34   34
  110  110  110  110  110  240  240  240  240  240  240   34   34   34   34   34


B_tif(:,:,1) =

   41   41   41   41   41   81   81   81   81   81   81  145  145  145  145  145
   41   41   41   41   41   81   81   81   81   81   81  145  145  145  145  145
   41   41   41   41   41   81   81   81   81   81   81  145  145  145  145  145
   41   41   41   41   41   81   81   81   81   81   81  145  145  145  145  145
   41   41   41   41   41   81   81   81   81   81   81  145  145  145  145  145
   41   41   41   41   41   81   81   81   81   81   81  145  145  145  145  145
   41   41   41   41   41   81   81   81   81   81   81  145  145  145  145  145
   41   41   41   41   41   81   81   81   81   81   81  145  145  145  145  145
   41   41   41   41   41   81   81   81   81   81   81  145  145  145  145  145
   41   41   41   41   41   81   81   81   81   81   81  145  145  145  145  145
   41   41   41   41   41   81   81   81   81   81   81  145  145  145  145  145
   41   41   41   41   41   81   81   81   81   81   81  145  145  145  145  145
   41   41   41   41   41   81   81   81   81   81   81  145  145  145  145  145
   41   41   41   41   41   81   81   81   81   81   81  145  145  145  145  145
   41   41   41   41   41   81   81   81   81   81   81  145  145  145  145  145
   41   41   41   41   41   81   81   81   81   81   81  145  145  145  145  145


B_tif(:,:,2) =

  240  240  240  240  240   90   90   90   90   90   90   54   54   54   54   54
  240  240  240  240  240   90   90   90   90   90   90   54   54   54   54   54
  240  240  240  240  240   90   90   90   90   90   90   54   54   54   54   54
  240  240  240  240  240   90   90   90   90   90   90   54   54   54   54   54
  240  240  240  240  240   90   90   90   90   90   90   54   54   54   54   54
  240  240  240  240  240   90   90   90   90   90   90   54   54   54   54   54
  240  240  240  240  240   90   90   90   90   90   90   54   54   54   54   54
  240  240  240  240  240   90   90   90   90   90   90   54   54   54   54   54
  240  240  240  240  240   90   90   90   90   90   90   54   54   54   54   54
  240  240  240  240  240   90   90   90   90   90   90   54   54   54   54   54
  240  240  240  240  240   90   90   90   90   90   90   54   54   54   54   54
  240  240  240  240  240   90   90   90   90   90   90   54   54   54   54   54
  240  240  240  240  240   90   90   90   90   90   90   54   54   54   54   54
  240  240  240  240  240   90   90   90   90   90   90   54   54   54   54   54
  240  240  240  240  240   90   90   90   90   90   90   54   54   54   54   54
  240  240  240  240  240   90   90   90   90   90   90   54   54   54   54   54


B_tif(:,:,3) =

  110  110  110  110  110  240  240  240  240  240  240   34   34   34   34   34
  110  110  110  110  110  240  240  240  240  240  240   34   34   34   34   34
  110  110  110  110  110  240  240  240  240  240  240   34   34   34   34   34
  110  110  110  110  110  240  240  240  240  240  240   34   34   34   34   34
  110  110  110  110  110  240  240  240  240  240  240   34   34   34   34   34
  110  110  110  110  110  240  240  240  240  240  240   34   34   34   34   34
  110  110  110  110  110  240  240  240  240  240  240   34   34   34   34   34
  110  110  110  110  110  240  240  240  240  240  240   34   34   34   34   34
  110  110  110  110  110  240  240  240  240  240  240   34   34   34   34   34
  110  110  110  110  110  240  240  240  240  240  240   34   34   34   34   34
  110  110  110  110  110  240  240  240  240  240  240   34   34   34   34   34
  110  110  110  110  110  240  240  240  240  240  240   34   34   34   34   34
  110  110  110  110  110  240  240  240  240  240  240   34   34   34   34   34
  110  110  110  110  110  240  240  240  240  240  240   34   34   34   34   34
  110  110  110  110  110  240  240  240  240  240  240   34   34   34   34   34
  110  110  110  110  110  240  240  240  240  240  240   34   34   34   34   34

