A_jpeg = imread('color.jpeg');
A_png = imread('color.png');
A_bmp = imread('color.bmp');
A_tif = imread('color.tif');
F_jpeg = imfilter(A_jpeg,[6,6,-1,-1])

F_jpeg(:,:,1) =

   15    0    0    0  199  255  255  255  255  255  255  255  255  218    3   24
   15    0    0    0  199  255  255  255  255  255  255  255  255  218    3   24
   15    0    0    0  199  255  255  255  255  255  255  255  255  218    3   24
   15    0    0    0  199  255  255  255  255  255  255  255  255  218    3   24
   15    0    0    0  199  255  255  255  255  255  255  255  255  218    3   24
   15    0    0    0  199  255  255  255  255  255  255  255  255  218    3   24
   15    0    0    0  199  255  255  255  255  255  255  255  255  218    3   24
   15    0    0    0  199  255  255  255  255  255  255  255  255  218    3   24
   15    0    0    0  199  255  255  255  255  255  255  255  255  218    3   24
   15    0    0    0  199  255  255  255  255  255  255  255  255  218    3   24
   15    0    0    0  199  255  255  255  255  255  255  255  255  218    3   24
   15    0    0    0  199  255  255  255  255  255  255  255  255  218    3   24
   15    0    0    0  199  255  255  255  255  255  255  255  255  218    3   24
   15    0    0    0  199  255  255  255  255  255  255  255  255  218    3   24
   15    0    0    0  199  255  255  255  255  255  255  255  255  218    3   24
   15    0    0    0  199  255  255  255  255  255  255  255  255  218    3   24


F_jpeg(:,:,2) =

    0    0    6    0    0  119  168   15    0    0  101  255  255  255  255  255
    0    0    6    0    0  119  168   15    0    0  101  255  255  255  255  255
    0    0    6    0    0  119  168   15    0    0  101  255  255  255  255  255
    0    0    6    0    0  119  168   15    0    0  101  255  255  255  255  255
    0    0    6    0    0  119  168   15    0    0  101  255  255  255  255  255
    0    0    6    0    0  119  168   15    0    0  101  255  255  255  255  255
    0    0    6    0    0  119  168   15    0    0  101  255  255  255  255  255
    0    0    6    0    0  119  168   15    0    0  101  255  255  255  255  255
    0    0    6    0    0  119  168   15    0    0  101  255  255  255  255  255
    0    0    6    0    0  119  168   15    0    0  101  255  255  255  255  255
    0    0    6    0    0  119  168   15    0    0  101  255  255  255  255  255
    0    0    6    0    0  119  168   15    0    0  101  255  255  255  255  255
    0    0    6    0    0  119  168   15    0    0  101  255  255  255  255  255
    0    0    6    0    0  119  168   15    0    0  101  255  255  255  255  255
    0    0    6    0    0  119  168   15    0    0  101  255  255  255  255  255
    0    0    6    0    0  119  168   15    0    0  101  255  255  255  255  255


F_jpeg(:,:,3) =

  255  255  255  255  255  255  255  255   12    0    0  187  217   18   23   72
  255  255  255  255  255  255  255  255   12    0    0  187  217   18   23   72
  255  255  255  255  255  255  255  255   12    0    0  187  217   18   23   72
  255  255  255  255  255  255  255  255   12    0    0  187  217   18   23   72
  255  255  255  255  255  255  255  255   12    0    0  187  217   18   23   72
  255  255  255  255  255  255  255  255   12    0    0  187  217   18   23   72
  255  255  255  255  255  255  255  255   12    0    0  187  217   18   23   72
  255  255  255  255  255  255  255  255   12    0    0  187  217   18   23   72
  255  255  255  255  255  255  255  255   12    0    0  187  217   18   23   72
  255  255  255  255  255  255  255  255   12    0    0  187  217   18   23   72
  255  255  255  255  255  255  255  255   12    0    0  187  217   18   23   72
  255  255  255  255  255  255  255  255   12    0    0  187  217   18   23   72
  255  255  255  255  255  255  255  255   12    0    0  187  217   18   23   72
  255  255  255  255  255  255  255  255   12    0    0  187  217   18   23   72
  255  255  255  255  255  255  255  255   12    0    0  187  217   18   23   72
  255  255  255  255  255  255  255  255   12    0    0  187  217   18   23   72

F_png = imfilter(A_png,[6,6,-1,-1])

F_png(:,:,1) =

    0    0    0    0    0  255  255  255  255  255  255  255    0    0    0    0
    0    0    0    0    0  255  255  255  255  255  255  255    0    0    0    0
    0    0    0    0    0  255  255  255  255  255  255  255    0    0    0    0
    0    0    0    0    0  255  255  255  255  255  255  255    0    0    0    0
    0    0    0    0    0  255  255  255  255  255  255  255    0    0    0    0
    0    0    0    0    0  255  255  255  255  255  255  255    0    0    0    0
    0    0    0    0    0  255  255  255  255  255  255  255    0    0    0    0
    0    0    0    0    0  255  255  255  255  255  255  255    0    0    0    0
    0    0    0    0    0  255  255  255  255  255  255  255    0    0    0    0
    0    0    0    0    0  255  255  255  255  255  255  255    0    0    0    0
    0    0    0    0    0  255  255  255  255  255  255  255    0    0    0    0
    0    0    0    0    0  255  255  255  255  255  255  255    0    0    0    0
    0    0    0    0    0  255  255  255  255  255  255  255    0    0    0    0
    0    0    0    0    0  255  255  255  255  255  255  255    0    0    0    0
    0    0    0    0    0  255  255  255  255  255  255  255    0    0    0    0
    0    0    0    0    0  255  255  255  255  255  255  255    0    0    0    0


F_png(:,:,2) =

    0    0    0    0    0    0    0    0    0    0    0  255  255  255  255  255
    0    0    0    0    0    0    0    0    0    0    0  255  255  255  255  255
    0    0    0    0    0    0    0    0    0    0    0  255  255  255  255  255
    0    0    0    0    0    0    0    0    0    0    0  255  255  255  255  255
    0    0    0    0    0    0    0    0    0    0    0  255  255  255  255  255
    0    0    0    0    0    0    0    0    0    0    0  255  255  255  255  255
    0    0    0    0    0    0    0    0    0    0    0  255  255  255  255  255
    0    0    0    0    0    0    0    0    0    0    0  255  255  255  255  255
    0    0    0    0    0    0    0    0    0    0    0  255  255  255  255  255
    0    0    0    0    0    0    0    0    0    0    0  255  255  255  255  255
    0    0    0    0    0    0    0    0    0    0    0  255  255  255  255  255
    0    0    0    0    0    0    0    0    0    0    0  255  255  255  255  255
    0    0    0    0    0    0    0    0    0    0    0  255  255  255  255  255
    0    0    0    0    0    0    0    0    0    0    0  255  255  255  255  255
    0    0    0    0    0    0    0    0    0    0    0  255  255  255  255  255
    0    0    0    0    0    0    0    0    0    0    0  255  255  255  255  255


F_png(:,:,3) =

  255  255  255  255  255  255    0    0    0    0    0    0    0    0    0    0
  255  255  255  255  255  255    0    0    0    0    0    0    0    0    0    0
  255  255  255  255  255  255    0    0    0    0    0    0    0    0    0    0
  255  255  255  255  255  255    0    0    0    0    0    0    0    0    0    0
  255  255  255  255  255  255    0    0    0    0    0    0    0    0    0    0
  255  255  255  255  255  255    0    0    0    0    0    0    0    0    0    0
  255  255  255  255  255  255    0    0    0    0    0    0    0    0    0    0
  255  255  255  255  255  255    0    0    0    0    0    0    0    0    0    0
  255  255  255  255  255  255    0    0    0    0    0    0    0    0    0    0
  255  255  255  255  255  255    0    0    0    0    0    0    0    0    0    0
  255  255  255  255  255  255    0    0    0    0    0    0    0    0    0    0
  255  255  255  255  255  255    0    0    0    0    0    0    0    0    0    0
  255  255  255  255  255  255    0    0    0    0    0    0    0    0    0    0
  255  255  255  255  255  255    0    0    0    0    0    0    0    0    0    0
  255  255  255  255  255  255    0    0    0    0    0    0    0    0    0    0
  255  255  255  255  255  255    0    0    0    0    0    0    0    0    0    0

F_bmp = imfilter(A_bmp,[6,6,-1,-1])

F_bmp(:,:,1) =

    0    0    0    0    0  255  255  255  255  255  255  255    0    0    0    0
    0    0    0    0    0  255  255  255  255  255  255  255    0    0    0    0
    0    0    0    0    0  255  255  255  255  255  255  255    0    0    0    0
    0    0    0    0    0  255  255  255  255  255  255  255    0    0    0    0
    0    0    0    0    0  255  255  255  255  255  255  255    0    0    0    0
    0    0    0    0    0  255  255  255  255  255  255  255    0    0    0    0
    0    0    0    0    0  255  255  255  255  255  255  255    0    0    0    0
    0    0    0    0    0  255  255  255  255  255  255  255    0    0    0    0
    0    0    0    0    0  255  255  255  255  255  255  255    0    0    0    0
    0    0    0    0    0  255  255  255  255  255  255  255    0    0    0    0
    0    0    0    0    0  255  255  255  255  255  255  255    0    0    0    0
    0    0    0    0    0  255  255  255  255  255  255  255    0    0    0    0
    0    0    0    0    0  255  255  255  255  255  255  255    0    0    0    0
    0    0    0    0    0  255  255  255  255  255  255  255    0    0    0    0
    0    0    0    0    0  255  255  255  255  255  255  255    0    0    0    0
    0    0    0    0    0  255  255  255  255  255  255  255    0    0    0    0


F_bmp(:,:,2) =

    0    0    0    0    0    0    0    0    0    0    0  255  255  255  255  255
    0    0    0    0    0    0    0    0    0    0    0  255  255  255  255  255
    0    0    0    0    0    0    0    0    0    0    0  255  255  255  255  255
    0    0    0    0    0    0    0    0    0    0    0  255  255  255  255  255
    0    0    0    0    0    0    0    0    0    0    0  255  255  255  255  255
    0    0    0    0    0    0    0    0    0    0    0  255  255  255  255  255
    0    0    0    0    0    0    0    0    0    0    0  255  255  255  255  255
    0    0    0    0    0    0    0    0    0    0    0  255  255  255  255  255
    0    0    0    0    0    0    0    0    0    0    0  255  255  255  255  255
    0    0    0    0    0    0    0    0    0    0    0  255  255  255  255  255
    0    0    0    0    0    0    0    0    0    0    0  255  255  255  255  255
    0    0    0    0    0    0    0    0    0    0    0  255  255  255  255  255
    0    0    0    0    0    0    0    0    0    0    0  255  255  255  255  255
    0    0    0    0    0    0    0    0    0    0    0  255  255  255  255  255
    0    0    0    0    0    0    0    0    0    0    0  255  255  255  255  255
    0    0    0    0    0    0    0    0    0    0    0  255  255  255  255  255


F_bmp(:,:,3) =

  255  255  255  255  255  255    0    0    0    0    0    0    0    0    0    0
  255  255  255  255  255  255    0    0    0    0    0    0    0    0    0    0
  255  255  255  255  255  255    0    0    0    0    0    0    0    0    0    0
  255  255  255  255  255  255    0    0    0    0    0    0    0    0    0    0
  255  255  255  255  255  255    0    0    0    0    0    0    0    0    0    0
  255  255  255  255  255  255    0    0    0    0    0    0    0    0    0    0
  255  255  255  255  255  255    0    0    0    0    0    0    0    0    0    0
  255  255  255  255  255  255    0    0    0    0    0    0    0    0    0    0
  255  255  255  255  255  255    0    0    0    0    0    0    0    0    0    0
  255  255  255  255  255  255    0    0    0    0    0    0    0    0    0    0
  255  255  255  255  255  255    0    0    0    0    0    0    0    0    0    0
  255  255  255  255  255  255    0    0    0    0    0    0    0    0    0    0
  255  255  255  255  255  255    0    0    0    0    0    0    0    0    0    0
  255  255  255  255  255  255    0    0    0    0    0    0    0    0    0    0
  255  255  255  255  255  255    0    0    0    0    0    0    0    0    0    0
  255  255  255  255  255  255    0    0    0    0    0    0    0    0    0    0

F_tif = imfilter(A_tif,[6,6,-1,-1])

F_tif(:,:,1) =

    0    0    0    0    0  255  255  255  255  255  255  255    0    0    0    0
    0    0    0    0    0  255  255  255  255  255  255  255    0    0    0    0
    0    0    0    0    0  255  255  255  255  255  255  255    0    0    0    0
    0    0    0    0    0  255  255  255  255  255  255  255    0    0    0    0
    0    0    0    0    0  255  255  255  255  255  255  255    0    0    0    0
    0    0    0    0    0  255  255  255  255  255  255  255    0    0    0    0
    0    0    0    0    0  255  255  255  255  255  255  255    0    0    0    0
    0    0    0    0    0  255  255  255  255  255  255  255    0    0    0    0
    0    0    0    0    0  255  255  255  255  255  255  255    0    0    0    0
    0    0    0    0    0  255  255  255  255  255  255  255    0    0    0    0
    0    0    0    0    0  255  255  255  255  255  255  255    0    0    0    0
    0    0    0    0    0  255  255  255  255  255  255  255    0    0    0    0
    0    0    0    0    0  255  255  255  255  255  255  255    0    0    0    0
    0    0    0    0    0  255  255  255  255  255  255  255    0    0    0    0
    0    0    0    0    0  255  255  255  255  255  255  255    0    0    0    0
    0    0    0    0    0  255  255  255  255  255  255  255    0    0    0    0


F_tif(:,:,2) =

    0    0    0    0    0    0    0    0    0    0    0  255  255  255  255  255
    0    0    0    0    0    0    0    0    0    0    0  255  255  255  255  255
    0    0    0    0    0    0    0    0    0    0    0  255  255  255  255  255
    0    0    0    0    0    0    0    0    0    0    0  255  255  255  255  255
    0    0    0    0    0    0    0    0    0    0    0  255  255  255  255  255
    0    0    0    0    0    0    0    0    0    0    0  255  255  255  255  255
    0    0    0    0    0    0    0    0    0    0    0  255  255  255  255  255
    0    0    0    0    0    0    0    0    0    0    0  255  255  255  255  255
    0    0    0    0    0    0    0    0    0    0    0  255  255  255  255  255
    0    0    0    0    0    0    0    0    0    0    0  255  255  255  255  255
    0    0    0    0    0    0    0    0    0    0    0  255  255  255  255  255
    0    0    0    0    0    0    0    0    0    0    0  255  255  255  255  255
    0    0    0    0    0    0    0    0    0    0    0  255  255  255  255  255
    0    0    0    0    0    0    0    0    0    0    0  255  255  255  255  255
    0    0    0    0    0    0    0    0    0    0    0  255  255  255  255  255
    0    0    0    0    0    0    0    0    0    0    0  255  255  255  255  255


F_tif(:,:,3) =

  255  255  255  255  255  255    0    0    0    0    0    0    0    0    0    0
  255  255  255  255  255  255    0    0    0    0    0    0    0    0    0    0
  255  255  255  255  255  255    0    0    0    0    0    0    0    0    0    0
  255  255  255  255  255  255    0    0    0    0    0    0    0    0    0    0
  255  255  255  255  255  255    0    0    0    0    0    0    0    0    0    0
  255  255  255  255  255  255    0    0    0    0    0    0    0    0    0    0
  255  255  255  255  255  255    0    0    0    0    0    0    0    0    0    0
  255  255  255  255  255  255    0    0    0    0    0    0    0    0    0    0
  255  255  255  255  255  255    0    0    0    0    0    0    0    0    0    0
  255  255  255  255  255  255    0    0    0    0    0    0    0    0    0    0
  255  255  255  255  255  255    0    0    0    0    0    0    0    0    0    0
  255  255  255  255  255  255    0    0    0    0    0    0    0    0    0    0
  255  255  255  255  255  255    0    0    0    0    0    0    0    0    0    0
  255  255  255  255  255  255    0    0    0    0    0    0    0    0    0    0
  255  255  255  255  255  255    0    0    0    0    0    0    0    0    0    0
  255  255  255  255  255  255    0    0    0    0    0    0    0    0    0    0


F_tif(:,:,4) =

  255  255  255  255  255  255  255  255  255  255  255  255  255  255  255  255
  255  255  255  255  255  255  255  255  255  255  255  255  255  255  255  255
  255  255  255  255  255  255  255  255  255  255  255  255  255  255  255  255
  255  255  255  255  255  255  255  255  255  255  255  255  255  255  255  255
  255  2