 ans  =
 
    1.  
 
-->B_jpeg=imcontrast(A_jpeg,100,100)
 B_jpeg  =
 
 
       B_jpeg(1)
 
  255  255  255  255  255  255  255  255  255  255  255  255  255  255  255  255  
  200  200  200  200  200  200  200  200  200  200  200  200  200  200  200  200  
  255  255  255  255  255  255  255  255  255  255  255  255  255  255  255  255  
  255  255  255  255  255  255  255  255  255  255  255  255  255  255  255  255  
  255  255  255  255  255  255  255  255  255  255  255  255  255  255  255  255  
  255  255  255  255  255  255  255  255  255  255  255  255  255  255  255  255  
  255  255  255  255  255  255  255  255  255  255  255  255  255  255  255  255  
  255  255  255  255  255  255  255  255  255  255  255  255  255  255  255  255  
  255  255  255  255  255  255  255  255  255  255  255  255  255  255  255  255  
  255  255  255  255  255  255  255  255  255  255  255  255  255  255  255  255  
  255  255  255  255  255  255  255  255  255  255  255  255  255  255  255  255  
  255  255  255  255  255  255  255  255  255  255  255  255  255  255  255  255  
  255  255  255  255  255  255  255  255  255  255  255  255  255  255  255  255  
  100  100  100  100  100  100  100  100  100  100  100  100  100  100  100  100  
  200  200  200  200  200  200  200  200  200  200  200  200  200  200  200  200  
  255  255  255  255  255  255  255  255  255  255  255  255  255  255  255  255  
 
       B_jpeg(2)
 
  100  100  100  100  100  100  100  100  100  100  100  100  100  100  100  100  
  100  100  100  100  100  100  100  100  100  100  100  100  100  100  100  100  
  200  200  200  200  200  200  200  200  200  200  200  200  200  200  200  200  
  100  100  100  100  100  100  100  100  100  100  100  100  100  100  100  100  
  100  100  100  100  100  100  100  100  100  100  100  100  100  100  100  100  
  255  255  255  255  255  255  255  255  255  255  255  255  255  255  255  255  
  255  255  255  255  255  255  255  255  255  255  255  255  255  255  255  255  
  100  100  100  100  100  100  100  100  100  100  100  100  100  100  100  100  
  100  100  100  100  100  100  100  100  100  100  100  100  100  100  100  100  
  255  255  255  255  255  255  255  255  255  255  255  255  255  255  255  255  
  255  255  255  255  255  255  255  255  255  255  255  255  255  255  255  255  
  255  255  255  255  255  255  255  255  255  255  255  255  255  255  255  255  
  255  255  255  255  255  255  255  255  255  255  255  255  255  255  255  255  
  255  255  255  255  255  255  255  255  255  255  255  255  255  255  255  255  
  255  255  255  255  255  255  255  255  255  255  255  255  255  255  255  255  
  255  255  255  255  255  255  255  255  255  255  255  255  255  255  255  255  
 
       B_jpeg(3)
 
  255  255  255  255  255  255  255  255  255  255  255  255  255  255  255  255  
  255  255  255  255  255  255  255  255  255  255  255  255  255  255  255  255  
  255  255  255  255  255  255  255  255  255  255  255  255  255  255  255  255  
  255  255  255  255  255  255  255  255  255  255  255  255  255  255  255  255  
  255  255  255  255  255  255  255  255  255  255  255  255  255  255  255  255  
  255  255  255  255  255  255  255  255  255  255  255  255  255  255  255  255  
  255  255  255  255  255  255  255  255  255  255  255  255  255  255  255  255  
  255  255  255  255  255  255  255  255  255  255  255  255  255  255  255  255  
  100  100  100  100  100  100  100  100  100  100  100  100  100  100  100  100  
  100  100  100  100  100  100  100  100  100  100  100  100  100  100  100  100  
  100  100  100  100  100  100  100  100  100  100  100  100  100  100  100  100  
  255  255  255  255  255  255  255  255  255  255  255  255  255  255  255  255  
  255  255  255  255  255  255  255  255  255  255  255  255  255  255  255  255  
  100  100  100  100  100  100  100  100  100  100  100  100  100  100  100  100  
  255  255  255  255  255  255  255  255  255  255  255  255  255  255  255  255  
  255  255  255  255  255  255  255  255  255  255  255  255  255  255  255  255  
 
-->B_png=imcontrast(A_png,100,100)
 B_png  =
 
 
       B_png(1)
 
  255  255  255  255  255  255  255  255  255  255  255  255  255  255  255  255  
  100  100  100  100  100  100  100  100  100  100  100  100  100  100  100  100  
  100  100  100  100  100  100  100  100  100  100  100  100  100  100  100  100  
  255  255  255  255  255  255  255  255  255  255  255  255  255  255  255  255  
  255  255  255  255  255  255  255  255  255  255  255  255  255  255  255  255  
  100  100  100  100  100  100  100  100  100  100  100  100  100  100  100  100  
  100  100  100  100  100  100  100  100  100  100  100  100  100  100  100  100  
  255  255  255  255  255  255  255  255  255  255  255  255  255  255  255  255  
  255  255  255  255  255  255  255  255  255  255  255  255  255  255  255  255  
  100  100  100  100  100  100  100  100  100  100  100  100  100  100  100  100  
  100  100  100  100  100  100  100  100  100  100  100  100  100  100  100  100  
  255  255  255  255  255  255  255  255  255  255  255  255  255  255  255  255  
  255  255  255  255  255  255  255  255  255  255  255  255  255  255  255  255  
  100  100  100  100  100  100  100  100  100  100  100  100  100  100  100  100  
  100  100  100  100  100  100  100  100  100  100  100  100  100  100  100  100  
  255  255  255  255  255  255  255  255  255  255  255  255  255  255  255  255  
 
-->B_bmp=imcontrast(A_bmp,100,100)
 B_bmp  =
 
 
       B_bmp(1)
 
  100  100  100  100  100  100  100  100  100  100  100  100  100  100  100  100  
  100  100  100  100  100  100  100  100  100  100  100  100  100  100  100  100  
  100  100  100  100  100  100  100  100  100  100  100  100  100  100  100  100  
  100  100  100  100  100  100  100  100  100  100  100  100  100  100  100  100  
  100  100  100  100  100  100  100  100  100  100  100  100  100  100  100  100  
  255  255  255  255  255  255  255  255  255  255  255  255  255  255  255  255  
  255  255  255  255  255  255  255  255  255  255  255  255  255  255  255  255  
  255  255  255  255  255  255  255  255  255  255  255  255  255  255  255  255  
  255  255  255  255  255  255  255  255  255  255  255  255  255  255  255  255  
  255  255  255  255  255  255  255  255  255  255  255  255  255  255  255  255  
  255  255  255  255  255  255  255  255  255  255  255  255  255  255  255  255  
  100  100  100  100  100  100  100  100  100  100  100  100  100  100  100  100  
  100  100  100  100  100  100  100  100  100  100  100  100  100  100  100  100  
  100  100  100  100  100  100  100  100  100  100  100  100  100  100  100  100  
  100  100  100  100  100  100  100  100  100  100  100  100  100  100  100  100  
  100  100  100  100  100  100  100  100  100  100  100  100  100  100  100  100  
 
       B_bmp(2)
 
  100  100  100  100  100  100  100  100  100  100  100  100  100  100  100  100  
  100  100  100  100  100  100  100  100  100  100  100  100  100  100  100  100  
  100  100  100  100  100  100  100  100  100  100  100  100  100  100  100  100  
  100  100  100  100  100  100  100  100  100  100  100  100  100  100  100  100  
  100  100  100  100  100  100  100  100  100  100  100  100  100  100  100  100  
  100  100  100  100  100  100  100  100  100  100  100  100  100  100  100  100  
  100  100  100  100  100  100  100  100  100  100  100  100  100  100  100  100  
  100  100  100  100  100  100  100  100  100  100  100  100  100  100  100  100  
  100  100  100  100  100  100  100  100  100  100  100  100  100  100  100  100  
  100  100  100  100  100  100  100  100  100  100  100  100  100  100  100  100  
  100  100  100  100  100  100  100  100  100  100  100  100  100  100  100  100  
  255  255  255  255  255  255  255  255  255  255  255  255  255  255  255  255  
  255  255  255  255  255  255  255  255  255  255  255  255  255  255  255  255  
  255  255  255  255  255  255  255  255  255  255  255  255  255  255  255  255  
  255  255  255  255  255  255  255  255  255  255  255  255  255  255  255  255  
  255  255  255  255  255  255  255  255  255  255  255  255  255  255  255  255  
 
       B_bmp(3)
 
  255  255  255  255  255  255  255  255  255  255  255  255  255  255  255  255  
  255  255  255  255  255  255  255  255  255  255  255  255  255  255  255  255  
  255  255  255  255  255  255  255  255  255  255  255  255  255  255  255  255  
  255  255  255  255  255  255  255  255  255  255  255  255  255  255  255  255  
  255  255  255  255  255  255  255  255  255  255  255  255  255  255  255  255  
  100  100  100  100  100  100  100  100  100  100  100  100  100  100  100  100  
  100  100  100  100  100  100  100  100  100  100  100  100  100  100  100  100  
  100  100  100  100  100  100  100  100  100  100  100  100  100  100  100  100  
  100  100  100  100  100  100  100  100  100  100  100  100  100  100  100  100  
  100  100  100  100  100  100  100  100  100  100  100  100  100  100  100  100  
  100  100  100  100  100  100  100  100  100  100  100  100  100  100  100  100  
  100  100  100  100  100  100  100  100  100  100  100  100  100  100  100  100  
  100  100  100  100  100  100  100  100  100  100  100  100  100  100  100  100  
  100  100  100  100  100  100  100  100  100  100  100  100  100  100  100  100  
  100  100  100  100  100  100  100  100  100  100  100  100  100  100  100  100  
  100  100  100  100  100  100  100  100  100  100  100  100  100  100  100  100  
 
-->B_tif=imcontrast(A_tif,100,100)
 B_tif  =
 
 
       B_tif(1)
 
  100  100  100  100  100  100  100  100  100  100  100  100  100  100  100  100  
  100  100  100  100  100  100  100  100  100  100  100  100  100  100  100  100  
  100  100  100  100  100  100  100  100  100  100  100  100  100  100  100  100  
  100  100  100  100  100  100  100  100  100  100  100  100  100  100  100  100  
  100  100  100  100  100  100  100  100  100  100  100  100  100  100  100  100  
  255  255  255  255  255  255  255  255  255  255  255  255  255  255  255  255  
  255  255  255  255  255  255  255  255  255  255  255  255  255  255  255  255  
  255  255  255  255  255  255  255  255  255  255  255  255  255  255  255  255  
  255  255  255  255  255  255  255  255  255  255  255  255  255  255  255  255  
  255  255  255  255  255  255  255  255  255  255  255  255  255  255  255  255  
  255  255  255  255  255  255  255  255  255  255  255  255  255  255  255  255  
  100  100  100  100  100  100  100  100  100  100  100  100  100  100  100  100  
  100  100  100  100  100  100  100  100  100  100  100  100  100  100  100  100  
  100  100  100  100  100  100  100  100  100  100  100  100  100  100  100  100  
  100  100  100  100  100  100  100  100  100  100  100  100  100  100  100  100  
  100  100  100  100  100  100  100  100  100  100  100  100  100  100  100  100  
 
       B_tif(2)
 
  100  100  100  100  100  100  100  100  100  100  100  100  100  100  100  100  
  100  100  100  100  100  100  100  100  100  100  100  100  100  100  100  100  
  100  100  100  100  100  100  100  100  100  100  100  100  100  100  100  100  
  100  100  100  100  100  100  100  100  100  100  100  100  100  100  100  100  
  100  100  100  100  100  100  100  100  100  100  100  100  100  100  100  100  
  100  100  100  100  100  100  100  100  100  100  100  100  100  100  100  100  
  100  100  100  100  100  100  100  100  100  100  100  100  100  100  100  100  
  100  100  100  100  100  100  100  100  100  100  100  100  100  100  100  100  
  100  100  100  100  100  100  100  100  100  100  100  100  100  100  100  100  
  100  100  100  100  100  100  100  100  100  100  100  100  100  100  100  100  
  100  100  100  100  100  100  100  100  100  100  100  100  100  100  100  100  
  255  255  255  255  255  255  255  255  255  255  255  255  255  255  255  255  
  255  255  255  255  255  255  255  255  255  255  255  255  255  255  255  255  
  255  255  255  255  255  255  255  255  255  255  255  255  255  255  255  255  
  255  255  255  255  255  255  255  255  255  255  255  255  255  255  255  255  
  255  255  255  255  255  255  255  255  255  255  255  255  255  255  255  255  
 
       B_tif(3)
 
  255  255  255  255  255  255  255  255  255  255  255  255  255  255  255  255  
  255  255  255  255  255  255  255  255  255  255  255  255  255  255  255  255  
  255  255  255  255  255  255  255  255  255  255  255  255  255  255  255  255  
  255  255  255  255  255  255  255  255  255  255  255  255  255  255  255  255  
  255  255  255  255  255  255  255  255  255  255  255  255  255  255  255  255  
  100  100  100  100  100  100  100  100  100  100  100  100  100  100  100  100  
  100  100  100  100  100  100  100  100  100  100  100  100  100  100  100  100  
  100  100  100  100  100  100  100  100  100  100  100  100  100  100  100  100  
  100  100  100  100  100  100  100  100  100  100  100  100  100  100  100  100  
  100  100  100  100  100  100  100  100  100  100  100  100  100  100  100  100  
  100  100  100  100  100  100  100  100  100  100  100  100  100  100  100  100  
  100  100  100  100  100  100  100  100  100  100  100  100  100  100  100  100  
  100  100  100  100  100  100  100  100  100  100  100  100  100  100  100  100  
  100  100  100  100  100  100  100  100  100  100  100  100  100  100  100  100  
  100  100  100  100  100  100  100  100  100  100  100  100  100  100  100  100  
  100  100  100  100  100  100  100  100  100  100  100  100  100  100  100  100  
 
-->diary(0)
