 ans  =
 
    2.  
 
-->B_jpeg = imresize(A_jpeg,8,8)
 B_jpeg  =
 
 
       B_jpeg(1)
 
    2    2    2    2    2    2    2    2  
   14   14   14   14   14   14   14   14  
  124  124  124  124  124  124  124  124  
  240  240  240  240  240  240  240  240  
  235  235  235  235  235  235  235  235  
  128  128  128  128  128  128  128  128  
   19   19   19   19   19   19   19   19  
    2    2    2    2    2    2    2    2  
 
       B_jpeg(2)
 
    0    0    0    0    0    0    0    0  
    1    1    1    1    1    1    1    1  
   11   11   11   11   11   11   11   11  
    4    4    4    4    4    4    4    4  
   14   14   14   14   14   14   14   14  
  124  124  124  124  124  124  124  124  
  245  245  245  245  245  245  245  245  
  253  253  253  253  253  253  253  253  
 
       B_jpeg(3)
 
  254  254  254  254  254  254  254  254  
  233  233  233  233  233  233  233  233  
  124  124  124  124  124  124  124  124  
   22   22   22   22   22   22   22   22  
    0    0    0    0    0    0    0    0  
   16   16   16   16   16   16   16   16  
    3    3    3    3    3    3    3    3  
    6    6    6    6    6    6    6    6  
 
-->B_png = imresize(A_png,8,8)
 B_png  =
 
 
       B_png(1)
 
  128  128  128  128  128  128  128  128  
  128  128  128  128  128  128  128  128  
  128  128  128  128  128  128  128  128  
  128  128  128  128  128  128  128  128  
  128  128  128  128  128  128  128  128  
  128  128  128  128  128  128  128  128  
  128  128  128  128  128  128  128  128  
  128  128  128  128  128  128  128  128  
 
-->B_bmp = imresize(A_bmp,14,8)
 B_bmp  =
 
 
       B_bmp(1)
 
    0  255    0  0  164    0  255    0  255    0  0  164    0  255  
    0  164    0  0  255    0  255    0  164    0  0  255    0  255  
    0    0  164  0  255    0  255    0    0  164  0  255    0  255  
    0    0  255  0  255    0  164    0    0  255  0  255    0  164  
  164    0  255  0  255    0    0  164    0  255  0  255    0    0  
  255    0  255  0  164    0    0  255    0  255  0  164    0    0  
  255    0  255  0    0  164    0  255    0  255  0    0  164    0  
  255    0  164  0    0  255    0  255    0  164  0    0  255    0  
 
       B_bmp(2)
 
  0    0   0  255    0  255    0  0    0   0  255    0  255    0  
  0   91   0  255    0  255    0  0   91   0  255    0  255    0  
  0  255   0  255    0    0    0  0  255   0  255    0    0    0  
  0  255   0  255    0    0   91  0  255   0  255    0    0   91  
  0  255   0    0    0    0  255  0  255   0    0    0    0  255  
  0  255   0    0   91    0  255  0  255   0    0   91    0  255  
  0    0   0    0  255    0  255  0    0   0    0  255    0  255  
  0    0  91    0  255    0  255  0    0  91    0  255    0  255  
 
       B_bmp(3)
 
  255    0  255    0  91    0  0  255    0  255    0  91    0  0  
  255    0  255    0   0    0  0  255    0  255    0   0    0  0  
  255    0   91    0   0  255  0  255    0   91    0   0  255  0  
  255    0    0    0   0  255  0  255    0    0    0   0  255  0  
   91    0    0  255   0  255  0   91    0    0  255   0  255  0  
    0    0    0  255   0  255  0    0    0    0  255   0  255  0  
    0  255    0  255   0   91  0    0  255    0  255   0   91  0  
    0  255    0  255   0    0  0    0  255    0  255   0    0  0  
 
-->B_tif = imresize(A_tif,8,14)
 B_tif  =
 
 
       B_tif(1)
 
    0    0  255  127    0    0  255  127  
    0    0  128  255    0    0  128  255  
  127    0    0  255  127    0    0  255  
  255    0    0  127  255    0    0  127  
  255  127    0    0  255  127    0    0  
  127  255    0    0  127  255    0    0  
    0  255  127    0    0  255  127    0  
    0  127  255    0    0  127  255    0  
    0    0  255  127    0    0  255  127  
    0    0  127  255    0    0  127  255  
  127    0    0  255  127    0    0  255  
  255    0    0  127  255    0    0  127  
  255  128    0    0  255  128    0    0  
  127  255    0    0  127  255    0    0  
 
       B_tif(2)
 
    0  255    0    0    0  255    0    0  
    0  255  128    0    0  255  128    0  
    0    0  255    0    0    0  255    0  
    0    0  255  127    0    0  255  127  
    0    0    0  255    0    0    0  255  
  127    0    0  255  127    0    0  255  
  255    0    0    0  255    0    0    0  
  255  127    0    0  255  127    0    0  
    0  255    0    0    0  255    0    0  
    0  255  127    0    0  255  127    0  
    0    0  255    0    0    0  255    0  
    0    0  255  127    0    0  255  127  
    0    0    0  255    0    0    0  255  
  127    0    0  255  127    0    0  255  
 
       B_tif(3)
 
  255    0    0  127  255    0    0  127  
  255    0    0    0  255    0    0    0  
  127  255    0    0  127  255    0    0  
    0  255    0    0    0  255    0    0  
    0  127  255    0    0  127  255    0  
    0    0  255    0    0    0  255    0  
    0    0  127  255    0    0  127  255  
    0    0    0  255    0    0    0  255  
  255    0    0  127  255    0    0  127  
  255    0    0    0  255    0    0    0  
  127  255    0    0  127  255    0    0  
    0  255    0    0    0  255    0    0  
    0  128  255    0    0  128  255    0  
    0    0  255    0    0    0  255    0  
 
-->diary('Scilab_imresize.txt','close')
