 ans  =
 
    1.  
 
-->bla=blur(A_jpeg,6,6,3,3)
 bla  =
 
 
       bla(1)
 
    6    6    6    6    6    6    6    6    6    6    6    6    6    6    6    6  
    6    6    6    6    6    6    6    6    6    6    6    6    6    6    6    6  
   18   18   18   18   18   18   18   18   18   18   18   18   18   18   18   18  
   47   47   47   47   47   47   47   47   47   47   47   47   47   47   47   47  
   84   84   84   84   84   84   84   84   84   84   84   84   84   84   84   84  
  126  126  126  126  126  126  126  126  126  126  126  126  126  126  126  126  
  168  168  168  168  168  168  168  168  168  168  168  168  168  168  168  168  
  200  200  200  200  200  200  200  200  200  200  200  200  200  200  200  200  
  209  209  209  209  209  209  209  209  209  209  209  209  209  209  209  209  
  201  201  201  201  201  201  201  201  201  201  201  201  201  201  201  201  
  169  169  169  169  169  169  169  169  169  169  169  169  169  169  169  169  
  127  127  127  127  127  127  127  127  127  127  127  127  127  127  127  127  
   85   85   85   85   85   85   85   85   85   85   85   85   85   85   85   85  
   50   50   50   50   50   50   50   50   50   50   50   50   50   50   50   50  
   28   28   28   28   28   28   28   28   28   28   28   28   28   28   28   28  
    7    7    7    7    7    7    7    7    7    7    7    7    7    7    7    7  
 
       bla(2)
 
    0    0    0    0    0    0    0    0    0    0    0    0    0    0    0    0  
    0    0    0    0    0    0    0    0    0    0    0    0    0    0    0    0  
    0    0    0    0    0    0    0    0    0    0    0    0    0    0    0    0  
    4    4    4    4    4    4    4    4    4    4    4    4    4    4    4    4  
    5    5    5    5    5    5    5    5    5    5    5    5    5    5    5    5  
    5    5    5    5    5    5    5    5    5    5    5    5    5    5    5    5  
    5    5    5    5    5    5    5    5    5    5    5    5    5    5    5    5  
    9    9    9    9    9    9    9    9    9    9    9    9    9    9    9    9  
   19   19   19   19   19   19   19   19   19   19   19   19   19   19   19   19  
   47   47   47   47   47   47   47   47   47   47   47   47   47   47   47   47  
   85   85   85   85   85   85   85   85   85   85   85   85   85   85   85   85  
  127  127  127  127  127  127  127  127  127  127  127  127  127  127  127  127  
  170  170  170  170  170  170  170  170  170  170  170  170  170  170  170  170  
  207  207  207  207  207  207  207  207  207  207  207  207  207  207  207  207  
  239  239  239  239  239  239  239  239  239  239  239  239  239  239  239  239  
  250  250  250  250  250  250  250  250  250  250  250  250  250  250  250  250  
 
       bla(3)
 
  246  246  246  246  246  246  246  246  246  246  246  246  246  246  246  246  
  246  246  246  246  246  246  246  246  246  246  246  246  246  246  246  246  
  227  227  227  227  227  227  227  227  227  227  227  227  227  227  227  227  
  204  204  204  204  204  204  204  204  204  204  204  204  204  204  204  204  
  168  168  168  168  168  168  168  168  168  168  168  168  168  168  168  168  
  126  126  126  126  126  126  126  126  126  126  126  126  126  126  126  126  
   84   84   84   84   84   84   84   84   84   84   84   84   84   84   84   84  
   49   49   49   49   49   49   49   49   49   49   49   49   49   49   49   49  
   26   26   26   26   26   26   26   26   26   26   26   26   26   26   26   26  
   13   13   13   13   13   13   13   13   13   13   13   13   13   13   13   13  
    6    6    6    6    6    6    6    6    6    6    6    6    6    6    6    6  
    6    6    6    6    6    6    6    6    6    6    6    6    6    6    6    6  
    7    7    7    7    7    7    7    7    7    7    7    7    7    7    7    7  
    8    8    8    8    8    8    8    8    8    8    8    8    8    8    8    8  
    9    9    9    9    9    9    9    9    9    9    9    9    9    9    9    9  
    4    4    4    4    4    4    4    4    4    4    4    4    4    4    4    4  
 
-->B_jpeg=canny(bla, 20, 60, 3, 0 );
 
 
-->//blb=blur(A_png,6,6,3,3)
 
-->//B_png=canny(blb, 20, 60, 3, 0);
 
 
-->blc=blur(A_bmp,6,6,3,3)
 blc  =
 
 
       blc(1)
 
    0    0    0    0    0    0    0    0    0    0    0    0    0    0    0    0  
    0    0    0    0    0    0    0    0    0    0    0    0    0    0    0    0  
    0    0    0    0    0    0    0    0    0    0    0    0    0    0    0    0  
   42   42   42   42   42   42   42   42   42   42   42   42   42   42   42   42  
   85   85   85   85   85   85   85   85   85   85   85   85   85   85   85   85  
  128  128  128  128  128  128  128  128  128  128  128  128  128  128  128  128  
  170  170  170  170  170  170  170  170  170  170  170  170  170  170  170  170  
  212  212  212  212  212  212  212  212  212  212  212  212  212  212  212  212  
  255  255  255  255  255  255  255  255  255  255  255  255  255  255  255  255  
  212  212  212  212  212  212  212  212  212  212  212  212  212  212  212  212  
  170  170  170  170  170  170  170  170  170  170  170  170  170  170  170  170  
  128  128  128  128  128  128  128  128  128  128  128  128  128  128  128  128  
   85   85   85   85   85   85   85   85   85   85   85   85   85   85   85   85  
   42   42   42   42   42   42   42   42   42   42   42   42   42   42   42   42  
    0    0    0    0    0    0    0    0    0    0    0    0    0    0    0    0  
    0    0    0    0    0    0    0    0    0    0    0    0    0    0    0    0  
 
       blc(2)
 
    0    0    0    0    0    0    0    0    0    0    0    0    0    0    0    0  
    0    0    0    0    0    0    0    0    0    0    0    0    0    0    0    0  
    0    0    0    0    0    0    0    0    0    0    0    0    0    0    0    0  
    0    0    0    0    0    0    0    0    0    0    0    0    0    0    0    0  
    0    0    0    0    0    0    0    0    0    0    0    0    0    0    0    0  
    0    0    0    0    0    0    0    0    0    0    0    0    0    0    0    0  
    0    0    0    0    0    0    0    0    0    0    0    0    0    0    0    0  
    0    0    0    0    0    0    0    0    0    0    0    0    0    0    0    0  
    0    0    0    0    0    0    0    0    0    0    0    0    0    0    0    0  
   42   42   42   42   42   42   42   42   42   42   42   42   42   42   42   42  
   85   85   85   85   85   85   85   85   85   85   85   85   85   85   85   85  
  128  128  128  128  128  128  128  128  128  128  128  128  128  128  128  128  
  170  170  170  170  170  170  170  170  170  170  170  170  170  170  170  170  
  212  212  212  212  212  212  212  212  212  212  212  212  212  212  212  212  
  255  255  255  255  255  255  255  255  255  255  255  255  255  255  255  255  
  255  255  255  255  255  255  255  255  255  255  255  255  255  255  255  255  
 
       blc(3)
 
  255  255  255  255  255  255  255  255  255  255  255  255  255  255  255  255  
  255  255  255  255  255  255  255  255  255  255  255  255  255  255  255  255  
  255  255  255  255  255  255  255  255  255  255  255  255  255  255  255  255  
  212  212  212  212  212  212  212  212  212  212  212  212  212  212  212  212  
  170  170  170  170  170  170  170  170  170  170  170  170  170  170  170  170  
  128  128  128  128  128  128  128  128  128  128  128  128  128  128  128  128  
   85   85   85   85   85   85   85   85   85   85   85   85   85   85   85   85  
   42   42   42   42   42   42   42   42   42   42   42   42   42   42   42   42  
    0    0    0    0    0    0    0    0    0    0    0    0    0    0    0    0  
    0    0    0    0    0    0    0    0    0    0    0    0    0    0    0    0  
    0    0    0    0    0    0    0    0    0    0    0    0    0    0    0    0  
    0    0    0    0    0    0    0    0    0    0    0    0    0    0    0    0  
    0    0    0    0    0    0    0    0    0    0    0    0    0    0    0    0  
    0    0    0    0    0    0    0    0    0    0    0    0    0    0    0    0  
    0    0    0    0    0    0    0    0    0    0    0    0    0    0    0    0  
    0    0    0    0    0    0    0    0    0    0    0    0    0    0    0    0  
 
-->B_bmp=canny(blc, 20, 60, 3, 0);
 
 
-->bld=blur(A_tif,6,6,3,3)
 bld  =
 
 
       bld(1)
 
    0    0    0    0    0    0    0    0    0    0    0    0    0    0    0    0  
    0    0    0    0    0    0    0    0    0    0    0    0    0    0    0    0  
    0    0    0    0    0    0    0    0    0    0    0    0    0    0    0    0  
   42   42   42   42   42   42   42   42   42   42   42   42   42   42   42   42  
   85   85   85   85   85   85   85   85   85   85   85   85   85   85   85   85  
  128  128  128  128  128  128  128  128  128  128  128  128  128  128  128  128  
  170  170  170  170  170  170  170  170  170  170  170  170  170  170  170  170  
  212  212  212  212  212  212  212  212  212  212  212  212  212  212  212  212  
  255  255  255  255  255  255  255  255  255  255  255  255  255  255  255  255  
  212  212  212  212  212  212  212  212  212  212  212  212  212  212  212  212  
  170  170  170  170  170  170  170  170  170  170  170  170  170  170  170  170  
  128  128  128  128  128  128  128  128  128  128  128  128  128  128  128  128  
   85   85   85   85   85   85   85   85   85   85   85   85   85   85   85   85  
   42   42   42   42   42   42   42   42   42   42   42   42   42   42   42   42  
    0    0    0    0    0    0    0    0    0    0    0    0    0    0    0    0  
    0    0    0    0    0    0    0    0    0    0    0    0    0    0    0    0  
 
       bld(2)
 
    0    0    0    0    0    0    0    0    0    0    0    0    0    0    0    0  
    0    0    0    0    0    0    0    0    0    0    0    0    0    0    0    0  
    0    0    0    0    0    0    0    0    0    0    0    0    0    0    0    0  
    0    0    0    0    0    0    0    0    0    0    0    0    0    0    0    0  
    0    0    0    0    0    0    0    0    0    0    0    0    0    0    0    0  
    0    0    0    0    0    0    0    0    0    0    0    0    0    0    0    0  
    0    0    0    0    0    0    0    0    0    0    0    0    0    0    0    0  
    0    0    0    0    0    0    0    0    0    0    0    0    0    0    0    0  
    0    0    0    0    0    0    0    0    0    0    0    0    0    0    0    0  
   42   42   42   42   42   42   42   42   42   42   42   42   42   42   42   42  
   85   85   85   85   85   85   85   85   85   85   85   85   85   85   85   85  
  128  128  128  128  128  128  128  128  128  128  128  128  128  128  128  128  
  170  170  170  170  170  170  170  170  170  170  170  170  170  170  170  170  
  212  212  212  212  212  212  212  212  212  212  212  212  212  212  212  212  
  255  255  255  255  255  255  255  255  255  255  255  255  255  255  255  255  
  255  255  255  255  255  255  255  255  255  255  255  255  255  255  255  255  
 
       bld(3)
 
  255  255  255  255  255  255  255  255  255  255  255  255  255  255  255  255  
  255  255  255  255  255  255  255  255  255  255  255  255  255  255  255  255  
  255  255  255  255  255  255  255  255  255  255  255  255  255  255  255  255  
  212  212  212  212  212  212  212  212  212  212  212  212  212  212  212  212  
  170  170  170  170  170  170  170  170  170  170  170  170  170  170  170  170  
  128  128  128  128  128  128  128  128  128  128  128  128  128  128  128  128  
   85   85   85   85   85   85   85   85   85   85   85   85   85   85   85   85  
   42   42   42   42   42   42   42   42   42   42   42   42   42   42   42   42  
    0    0    0    0    0    0    0    0    0    0    0    0    0    0    0    0  
    0    0    0    0    0    0    0    0    0    0    0    0    0    0    0    0  
    0    0    0    0    0    0    0    0    0    0    0    0    0    0    0    0  
    0    0    0    0    0    0    0    0    0    0    0    0    0    0    0    0  
    0    0    0    0    0    0    0    0    0    0    0    0    0    0    0    0  
    0    0    0    0    0    0    0    0    0    0    0    0    0    0    0    0  
    0    0    0    0    0    0    0    0    0    0    0    0    0    0    0    0  
    0    0    0    0    0    0    0    0    0    0    0    0    0    0    0    0  
 
-->B_tif=canny(bld, 20, 60, 3, 0);
 
 
-->diary(0)
