 ans  =
 
    1.  
 
-->B_jpeg=cvtColor(A_jpeg,"CV_BGR2YCrCb",0)
 B_jpeg  =
 
 
       B_jpeg(1)
 
  255  255  255  255  255  255  255  255  255  255  255  255  255  255  255  255  
  254  254  254  254  254  254  254  254  254  254  254  254  254  254  254  254  
  254  254  254  254  254  254  254  254  254  254  254  254  254  254  254  254  
  230  230  230  230  230  230  230  230  230  230  230  230  230  230  230  230  
  184  184  184  184  184  184  184  184  184  184  184  184  184  184  184  184  
  147  147  147  147  147  147  147  147  147  147  147  147  147  147  147  147  
  108  108  108  108  108  108  108  108  108  108  108  108  108  108  108  108  
   86   86   86   86   86   86   86   86   86   86   86   86   86   86   86   86  
   85   85   85   85   85   85   85   85   85   85   85   85   85   85   85   85  
   82   82   82   82   82   82   82   82   82   82   82   82   82   82   82   82  
   86   86   86   86   86   86   86   86   86   86   86   86   86   86   86   86  
   61   61   61   61   61   61   61   61   61   61   61   61   61   61   61   61  
   47   47   47   47   47   47   47   47   47   47   47   47   47   47   47   47  
   43   43   43   43   43   43   43   43   43   43   43   43   43   43   43   43  
   46   46   46   46   46   46   46   46   46   46   46   46   46   46   46   46  
   48   48   48   48   48   48   48   48   48   48   48   48   48   48   48   48  
 
       B_jpeg(2)
 
  109  109  109  109  109  109  109  109  109  109  109  109  109  109  109  109  
  108  108  108  108  108  108  108  108  108  108  108  108  108  108  108  108  
  108  108  108  108  108  108  108  108  108  108  108  108  108  108  108  108  
  124  124  124  124  124  124  124  124  124  124  124  124  124  124  124  124  
  154  154  154  154  154  154  154  154  154  154  154  154  154  154  154  154  
  197  197  197  197  197  197  197  197  197  197  197  197  197  197  197  197  
  235  235  235  235  235  235  235  235  235  235  235  235  235  235  235  235  
  253  253  253  253  253  253  253  253  253  253  253  253  253  253  253  253  
  254  254  254  254  254  254  254  254  254  254  254  254  254  254  254  254  
  225  225  225  225  225  225  225  225  225  225  225  225  225  225  225  225  
  168  168  168  168  168  168  168  168  168  168  168  168  168  168  168  168  
  110  110  110  110  110  110  110  110  110  110  110  110  110  110  110  110  
   48   48   48   48   48   48   48   48   48   48   48   48   48   48   48   48  
   21   21   21   21   21   21   21   21   21   21   21   21   21   21   21   21  
   22   22   22   22   22   22   22   22   22   22   22   22   22   22   22   22  
   24   24   24   24   24   24   24   24   24   24   24   24   24   24   24   24  
 
       B_jpeg(3)
 
   30   30   30   30   30   30   30   30   30   30   30   30   30   30   30   30  
   29   29   29   29   29   29   29   29   29   29   29   29   29   29   29   29  
   30   30   30   30   30   30   30   30   30   30   30   30   30   30   30   30  
   32   32   32   32   32   32   32   32   32   32   32   32   32   32   32   32  
   38   38   38   38   38   38   38   38   38   38   38   38   38   38   38   38  
   77   77   77   77   77   77   77   77   77   77   77   77   77   77   77   77  
   77   77   77   77   77   77   77   77   77   77   77   77   77   77   77   77  
   76   76   76   76   76   76   76   76   76   76   76   76   76   76   76   76  
   76   76   76   76   76   76   76   76   76   76   76   76   76   76   76   76  
   81   81   81   81   81   81   81   81   81   81   81   81   81   81   81   81  
   74   74   74   74   74   74   74   74   74   74   74   74   74   74   74   74  
  151  151  151  151  151  151  151  151  151  151  151  151  151  151  151  151  
  149  149  149  149  149  149  149  149  149  149  149  149  149  149  149  149  
  150  150  150  150  150  150  150  150  150  150  150  150  150  150  150  150  
  150  150  150  150  150  150  150  150  150  150  150  150  150  150  150  150  
  149  149  149  149  149  149  149  149  149  149  149  149  149  149  149  149  
 
-->//B_png=cvtColor(A_png,"CV_BGR2YCrCb",0)
 
-->B_bmp = cvtColor(A_bmp,"CV_BGR2YCrCb",0)
 B_bmp  =
 
 
       B_bmp(1)
 
  255  255  255  255  255  255  255  255  255  255  255  255  255  255  255  255  
  255  255  255  255  255  255  255  255  255  255  255  255  255  255  255  255  
  255  255  255  255  255  255  255  255  255  255  255  255  255  255  255  255  
  255  255  255  255  255  255  255  255  255  255  255  255  255  255  255  255  
  255  255  255  255  255  255  255  255  255  255  255  255  255  255  255  255  
   85   85   85   85   85   85   85   85   85   85   85   85   85   85   85   85  
   85   85   85   85   85   85   85   85   85   85   85   85   85   85   85   85  
   85   85   85   85   85   85   85   85   85   85   85   85   85   85   85   85  
   85   85   85   85   85   85   85   85   85   85   85   85   85   85   85   85  
   85   85   85   85   85   85   85   85   85   85   85   85   85   85   85   85  
   85   85   85   85   85   85   85   85   85   85   85   85   85   85   85   85  
   43   43   43   43   43   43   43   43   43   43   43   43   43   43   43   43  
   43   43   43   43   43   43   43   43   43   43   43   43   43   43   43   43  
   43   43   43   43   43   43   43   43   43   43   43   43   43   43   43   43  
   43   43   43   43   43   43   43   43   43   43   43   43   43   43   43   43  
   43   43   43   43   43   43   43   43   43   43   43   43   43   43   43   43  
 
       B_bmp(2)
 
  107  107  107  107  107  107  107  107  107  107  107  107  107  107  107  107  
  107  107  107  107  107  107  107  107  107  107  107  107  107  107  107  107  
  107  107  107  107  107  107  107  107  107  107  107  107  107  107  107  107  
  107  107  107  107  107  107  107  107  107  107  107  107  107  107  107  107  
  107  107  107  107  107  107  107  107  107  107  107  107  107  107  107  107  
  255  255  255  255  255  255  255  255  255  255  255  255  255  255  255  255  
  255  255  255  255  255  255  255  255  255  255  255  255  255  255  255  255  
  255  255  255  255  255  255  255  255  255  255  255  255  255  255  255  255  
  255  255  255  255  255  255  255  255  255  255  255  255  255  255  255  255  
  255  255  255  255  255  255  255  255  255  255  255  255  255  255  255  255  
  255  255  255  255  255  255  255  255  255  255  255  255  255  255  255  255  
   21   21   21   21   21   21   21   21   21   21   21   21   21   21   21   21  
   21   21   21   21   21   21   21   21   21   21   21   21   21   21   21   21  
   21   21   21   21   21   21   21   21   21   21   21   21   21   21   21   21  
   21   21   21   21   21   21   21   21   21   21   21   21   21   21   21   21  
   21   21   21   21   21   21   21   21   21   21   21   21   21   21   21   21  
 
       B_bmp(3)
 
   29   29   29   29   29   29   29   29   29   29   29   29   29   29   29   29  
   29   29   29   29   29   29   29   29   29   29   29   29   29   29   29   29  
   29   29   29   29   29   29   29   29   29   29   29   29   29   29   29   29  
   29   29   29   29   29   29   29   29   29   29   29   29   29   29   29   29  
   29   29   29   29   29   29   29   29   29   29   29   29   29   29   29   29  
   76   76   76   76   76   76   76   76   76   76   76   76   76   76   76   76  
   76   76   76   76   76   76   76   76   76   76   76   76   76   76   76   76  
   76   76   76   76   76   76   76   76   76   76   76   76   76   76   76   76  
   76   76   76   76   76   76   76   76   76   76   76   76   76   76   76   76  
   76   76   76   76   76   76   76   76   76   76   76   76   76   76   76   76  
   76   76   76   76   76   76   76   76   76   76   76   76   76   76   76   76  
  150  150  150  150  150  150  150  150  150  150  150  150  150  150  150  150  
  150  150  150  150  150  150  150  150  150  150  150  150  150  150  150  150  
  150  150  150  150  150  150  150  150  150  150  150  150  150  150  150  150  
  150  150  150  150  150  150  150  150  150  150  150  150  150  150  150  150  
  150  150  150  150  150  150  150  150  150  150  150  150  150  150  150  150  
 
-->B_tif=cvtColor(A_tif,"CV_BGR2YCrCb",0)
 B_tif  =
 
 
       B_tif(1)
 
  255  255  255  255  255  255  255  255  255  255  255  255  255  255  255  255  
  255  255  255  255  255  255  255  255  255  255  255  255  255  255  255  255  
  255  255  255  255  255  255  255  255  255  255  255  255  255  255  255  255  
  255  255  255  255  255  255  255  255  255  255  255  255  255  255  255  255  
  255  255  255  255  255  255  255  255  255  255  255  255  255  255  255  255  
   85   85   85   85   85   85   85   85   85   85   85   85   85   85   85   85  
   85   85   85   85   85   85   85   85   85   85   85   85   85   85   85   85  
   85   85   85   85   85   85   85   85   85   85   85   85   85   85   85   85  
   85   85   85   85   85   85   85   85   85   85   85   85   85   85   85   85  
   85   85   85   85   85   85   85   85   85   85   85   85   85   85   85   85  
   85   85   85   85   85   85   85   85   85   85   85   85   85   85   85   85  
   43   43   43   43   43   43   43   43   43   43   43   43   43   43   43   43  
   43   43   43   43   43   43   43   43   43   43   43   43   43   43   43   43  
   43   43   43   43   43   43   43   43   43   43   43   43   43   43   43   43  
   43   43   43   43   43   43   43   43   43   43   43   43   43   43   43   43  
   43   43   43   43   43   43   43   43   43   43   43   43   43   43   43   43  
 
       B_tif(2)
 
  107  107  107  107  107  107  107  107  107  107  107  107  107  107  107  107  
  107  107  107  107  107  107  107  107  107  107  107  107  107  107  107  107  
  107  107  107  107  107  107  107  107  107  107  107  107  107  107  107  107  
  107  107  107  107  107  107  107  107  107  107  107  107  107  107  107  107  
  107  107  107  107  107  107  107  107  107  107  107  107  107  107  107  107  
  255  255  255  255  255  255  255  255  255  255  255  255  255  255  255  255  
  255  255  255  255  255  255  255  255  255  255  255  255  255  255  255  255  
  255  255  255  255  255  255  255  255  255  255  255  255  255  255  255  255  
  255  255  255  255  255  255  255  255  255  255  255  255  255  255  255  255  
  255  255  255  255  255  255  255  255  255  255  255  255  255  255  255  255  
  255  255  255  255  255  255  255  255  255  255  255  255  255  255  255  255  
   21   21   21   21   21   21   21   21   21   21   21   21   21   21   21   21  
   21   21   21   21   21   21   21   21   21   21   21   21   21   21   21   21  
   21   21   21   21   21   21   21   21   21   21   21   21   21   21   21   21  
   21   21   21   21   21   21   21   21   21   21   21   21   21   21   21   21  
   21   21   21   21   21   21   21   21   21   21   21   21   21   21   21   21  
 
       B_tif(3)
 
   29   29   29   29   29   29   29   29   29   29   29   29   29   29   29   29  
   29   29   29   29   29   29   29   29   29   29   29   29   29   29   29   29  
   29   29   29   29   29   29   29   29   29   29   29   29   29   29   29   29  
   29   29   29   29   29   29   29   29   29   29   29   29   29   29   29   29  
   29   29   29   29   29   29   29   29   29   29   29   29   29   29   29   29  
   76   76   76   76   76   76   76   76   76   76   76   76   76   76   76   76  
   76   76   76   76   76   76   76   76   76   76   76   76   76   76   76   76  
   76   76   76   76   76   76   76   76   76   76   76   76   76   76   76   76  
   76   76   76   76   76   76   76   76   76   76   76   76   76   76   76   76  
   76   76   76   76   76   76   76   76   76   76   76   76   76   76   76   76  
   76   76   76   76   76   76   76   76   76   76   76   76   76   76   76   76  
  150  150  150  150  150  150  150  150  150  150  150  150  150  150  150  150  
  150  150  150  150  150  150  150  150  150  150  150  150  150  150  150  150  
  150  150  150  150  150  150  150  150  150  150  150  150  150  150  150  150  
  150  150  150  150  150  150  150  150  150  150  150  150  150  150  150  150  
  150  150  150  150  150  150  150  150  150  150  150  150  150  150  150  150  
 
-->diary(0)
