A_jpeg = imread('color.jpeg');
A_png = imread('color.png');
A_bmp = imread('color.bmp');
A_tif = imread('color.tif');
imsharpen(A_jpeg)

ans(:,:,1) =

    0    0   33   14   56  180  232  255  255  216   97  140   55   37    6    0
    0    0   33   14   56  180  232  255  255  216   97  140   55   37    6    0
    0    0   33   14   56  180  232  255  255  216   97  140   55   37    6    0
    0    0   33   14   56  180  232  255  255  216   97  140   55   37    6    0
    0    0   33   14   56  180  232  255  255  216   97  140   55   37    6    0
    0    0   33   14   56  180  232  255  255  216   97  140   55   37    6    0
    0    0   33   14   56  180  232  255  255  216   97  140   55   37    6    0
    0    0   33   14   56  180  232  255  255  216   97  140   55   37    6    0
    0    0   33   14   56  180  232  255  255  216   97  140   55   37    6    0
    0    0   33   14   56  180  232  255  255  216   97  140   55   37    6    0
    0    0   33   14   56  180  232  255  255  216   97  140   55   37    6    0
    0    0   33   14   56  180  232  255  255  216   97  140   55   37    6    0
    0    0   33   14   56  180  232  255  255  216   97  140   55   37    6    0
    0    0   33   14   56  180  232  255  255  216   97  140   55   37    6    0
    0    0   33   14   56  180  232  255  255  216   97  140   55   37    6    0
    0    0   33   14   56  180  232  255  255  216   97  140   55   37    6    0


ans(:,:,2) =

    1    3    7    0    0   31   23   20   23   24   32  200  244  255  255  250
    1    3    7    0    0   31   23   20   23   24   32  200  244  255  255  250
    1    3    7    0    0   31   23   20   23   24   32  200  244  255  255  250
    1    3    7    0    0   31   23   20   23   24   32  200  244  255  255  250
    1    3    7    0    0   31   23   20   23   24   32  200  244  255  255  250
    1    3    7    0    0   31   23   20   23   24   32  200  244  255  255  250
    1    3    7    0    0   31   23   20   23   24   32  200  244  255  255  250
    1    3    7    0    0   31   23   20   23   24   32  200  244  255  255  250
    1    3    7    0    0   31   23   20   23   24   32  200  244  255  255  250
    1    3    7    0    0   31   23   20   23   24   32  200  244  255  255  250
    1    3    7    0    0   31   23   20   23   24   32  200  244  255  255  250
    1    3    7    0    0   31   23   20   23   24   32  200  244  255  255  250
    1    3    7    0    0   31   23   20   23   24   32  200  244  255  255  250
    1    3    7    0    0   31   23   20   23   24   32  200  244  255  255  250
    1    3    7    0    0   31   23   20   23   24   32  200  244  255  255  250
    1    3    7    0    0   31   23   20   23   24   32  200  244  255  255  250


ans(:,:,3) =

  255  252  255  210  121  117   46    7    8    0    0   47   28   25    4    0
  255  252  255  210  121  117   46    7    8    0    0   47   28   25    4    0
  255  252  255  210  121  117   46    7    8    0    0   47   28   25    4    0
  255  252  255  210  121  117   46    7    8    0    0   47   28   25    4    0
  255  252  255  210  121  117   46    7    8    0    0   47   28   25    4    0
  255  252  255  210  121  117   46    7    8    0    0   47   28   25    4    0
  255  252  255  210  121  117   46    7    8    0    0   47   28   25    4    0
  255  252  255  210  121  117   46    7    8    0    0   47   28   25    4    0
  255  252  255  210  121  117   46    7    8    0    0   47   28   25    4    0
  255  252  255  210  121  117   46    7    8    0    0   47   28   25    4    0
  255  252  255  210  121  117   46    7    8    0    0   47   28   25    4    0
  255  252  255  210  121  117   46    7    8    0    0   47   28   25    4    0
  255  252  255  210  121  117   46    7    8    0    0   47   28   25    4    0
  255  252  255  210  121  117   46    7    8    0    0   47   28   25    4    0
  255  252  255  210  121  117   46    7    8    0    0   47   28   25    4    0
  255  252  255  210  121  117   46    7    8    0    0   47   28   25    4    0

imsharpen(A_png)

ans(:,:,1) =

    0    0    0    0    0  255  255  255  255  250  227   72   29    6    6    6
    0    0    0    0    0  255  255  255  255  250  227   72   29    6    6    6
    0    0    0    0    0  255  255  255  255  250  227   72   29    6    6    6
    0    0    0    0    0  255  255  255  255  250  227   72   29    6    6    6
    0    0    0    0    0  255  255  255  255  250  227   72   29    6    6    6
    0    0    0    0    0  255  255  255  255  250  227   72   29    6    6    6
    0    0    0    0    0  255  255  255  255  250  227   72   29    6    6    6
    0    0    0    0    0  255  255  255  255  250  227   72   29    6    6    6
    0    0    0    0    0  255  255  255  255  250  227   72   29    6    6    6
    0    0    0    0    0  255  255  255  255  250  227   72   29    6    6    6
    0    0    0    0    0  255  255  255  255  250  227   72   29    6    6    6
    0    0    0    0    0  255  255  255  255  250  227   72   29    6    6    6
    0    0    0    0    0  255  255  255  255  250  227   72   29    6    6    6
    0    0    0    0    0  255  255  255  255  250  227   72   29    6    6    6
    0    0    0    0    0  255  255  255  255  250  227   72   29    6    6    6
    0    0    0    0    0  255  255  255  255  250  227   72   29    6    6    6


ans(:,:,2) =

    1    1    1    0    0   41   12    2    2    0    0  255  255  255  255  255
    1    1    1    0    0   41   12    2    2    0    0  255  255  255  255  255
    1    1    1    0    0   41   12    2    2    0    0  255  255  255  255  255
    1    1    1    0    0   41   12    2    2    0    0  255  255  255  255  255
    1    1    1    0    0   41   12    2    2    0    0  255  255  255  255  255
    1    1    1    0    0   41   12    2    2    0    0  255  255  255  255  255
    1    1    1    0    0   41   12    2    2    0    0  255  255  255  255  255
    1    1    1    0    0   41   12    2    2    0    0  255  255  255  255  255
    1    1    1    0    0   41   12    2    2    0    0  255  255  255  255  255
    1    1    1    0    0   41   12    2    2    0    0  255  255  255  255  255
    1    1    1    0    0   41   12    2    2    0    0  255  255  255  255  255
    1    1    1    0    0   41   12    2    2    0    0  255  255  255  255  255
    1    1    1    0    0   41   12    2    2    0    0  255  255  255  255  255
    1    1    1    0    0   41   12    2    2    0    0  255  255  255  255  255
    1    1    1    0    0   41   12    2    2    0    0  255  255  255  255  255
    1    1    1    0    0   41   12    2    2    0    0  255  255  255  255  255


ans(:,:,3) =

  255  255  255  252  240   19    4    1    1    0    0   53   19    4    4    4
  255  255  255  252  240   19    4    1    1    0    0   53   19    4    4    4
  255  255  255  252  240   19    4    1    1    0    0   53   19    4    4    4
  255  255  255  252  240   19    4    1    1    0    0   53   19    4    4    4
  255  255  255  252  240   19    4    1    1    0    0   53   19    4    4    4
  255  255  255  252  240   19    4    1    1    0    0   53   19    4    4    4
  255  255  255  252  240   19    4    1    1    0    0   53   19    4    4    4
  255  255  255  252  240   19    4    1    1    0    0   53   19    4    4    4
  255  255  255  252  240   19    4    1    1    0    0   53   19    4    4    4
  255  255  255  252  240   19    4    1    1    0    0   53   19    4    4    4
  255  255  255  252  240   19    4    1    1    0    0   53   19    4    4    4
  255  255  255  252  240   19    4    1    1    0    0   53   19    4    4    4
  255  255  255  252  240   19    4    1    1    0    0   53   19    4    4    4
  255  255  255  252  240   19    4    1    1    0    0   53   19    4    4    4
  255  255  255  252  240   19    4    1    1    0    0   53   19    4    4    4
  255  255  255  252  240   19    4    1    1    0    0   53   19    4    4    4

imsharpen(A_bmp)

ans(:,:,1) =

    0    0    0    0    0  255  255  255  255  250  227   72   29    6    6    6
    0    0    0    0    0  255  255  255  255  250  227   72   29    6    6    6
    0    0    0    0    0  255  255  255  255  250  227   72   29    6    6    6
    0    0    0    0    0  255  255  255  255  250  227   72   29    6    6    6
    0    0    0    0    0  255  255  255  255  250  227   72   29    6    6    6
    0    0    0    0    0  255  255  255  255  250  227   72   29    6    6    6
    0    0    0    0    0  255  255  255  255  250  227   72   29    6    6    6
    0    0    0    0    0  255  255  255  255  250  227   72   29    6    6    6
    0    0    0    0    0  255  255  255  255  250  227   72   29    6    6    6
    0    0    0    0    0  255  255  255  255  250  227   72   29    6    6    6
    0    0    0    0    0  255  255  255  255  250  227   72   29    6    6    6
    0    0    0    0    0  255  255  255  255  250  227   72   29    6    6    6
    0    0    0    0    0  255  255  255  255  250  227   72   29    6    6    6
    0    0    0    0    0  255  255  255  255  250  227   72   29    6    6    6
    0    0    0    0    0  255  255  255  255  250  227   72   29    6    6    6
    0    0    0    0    0  255  255  255  255  250  227   72   29    6    6    6


ans(:,:,2) =

    1    1    1    0    0   41   12    2    2    0    0  255  255  255  255  255
    1    1    1    0    0   41   12    2    2    0    0  255  255  255  255  255
    1    1    1    0    0   41   12    2    2    0    0  255  255  255  255  255
    1    1    1    0    0   41   12    2    2    0    0  255  255  255  255  255
    1    1    1    0    0   41   12    2    2    0    0  255  255  255  255  255
    1    1    1    0    0   41   12    2    2    0    0  255  255  255  255  255
    1    1    1    0    0   41   12    2    2    0    0  255  255  255  255  255
    1    1    1    0    0   41   12    2    2    0    0  255  255  255  255  255
    1    1    1    0    0   41   12    2    2    0    0  255  255  255  255  255
    1    1    1    0    0   41   12    2    2    0    0  255  255  255  255  255
    1    1    1    0    0   41   12    2    2    0    0  255  255  255  255  255
    1    1    1    0    0   41   12    2    2    0    0  255  255  255  255  255
    1    1    1    0    0   41   12    2    2    0    0  255  255  255  255  255
    1    1    1    0    0   41   12    2    2    0    0  255  255  255  255  255
    1    1    1    0    0   41   12    2    2    0    0  255  255  255  255  255
    1    1    1    0    0   41   12    2    2    0    0  255  255  255  255  255


ans(:,:,3) =

  255  255  255  252  240   19    4    1    1    0    0   53   19    4    4    4
  255  255  255  252  240   19    4    1    1    0    0   53   19    4    4    4
  255  255  255  252  240   19    4    1    1    0    0   53   19    4    4    4
  255  255  255  252  240   19    4    1    1    0    0   53   19    4    4    4
  255  255  255  252  240   19    4    1    1    0    0   53   19    4    4    4
  255  255  255  252  240   19    4    1    1    0    0   53   19    4    4    4
  255  255  255  252  240   19    4    1    1    0    0   53   19    4    4    4
  255  255  255  252  240   19    4    1    1    0    0   53   19    4    4    4
  255  255  255  252  240   19    4    1    1    0    0   53   19    4    4    4
  255  255  255  252  240   19    4    1    1    0    0   53   19    4    4    4
  255  255  255  252  240   19    4    1    1    0    0   53   19    4    4    4
  255  255  255  252  240   19    4    1    1    0    0   53   19    4    4    4
  255  255  255  252  240   19    4    1    1    0    0   53   19    4    4    4
  255  255  255  252  240   19    4    1    1    0    0   53   19    4    4    4
  255  255  255  252  240   19    4    1    1    0    0   53   19    4    4    4
  255  255  255  252  240   19    4    1    1    0    0   53   19    4    4    4

imsharpen(A_tif)
{Error using <a href="matlab:matlab.internal.language.introspective.errorDocCallback('imsharpen>parse_inputs', '/usr/local/toolbox/images/images/imsharpen.m', 215)" style="font-weight:bold">imsharpen>parse_inputs</a> (<a href="matlab: opentoline('/usr/local/toolbox/images/images/imsharpen.m',215,0)">line 215</a>)
A is not a grayscale or RGB image.

Error in <a href="matlab:matlab.internal.language.introspective.errorDocCallback('imsharpen', '/usr/local/toolbox/images/images/imsharpen.m', 79)" style="font-weight:bold">imsharpen</a> (<a href="matlab: opentoline('/usr/local/toolbox/images/images/imsharpen.m',79,0)">line 79</a>)
[A, radius, amount, threshold] = parse_inputs(varargin{:});
} 
imsharpen( A_tif(:,:,1:3) );
imsharpen( A_tif(:,:,1:3) )

ans(:,:,1) =

    0    0    0    0    0  255  255  255  255  250  227   72   29    6    6    6
    0    0    0    0    0  255  255  255  255  250  227   72   29    6    6    6
    0    0    0    0    0  255  255  255  255  250  227   72   29    6    6    6
    0    0    0    0    0  255  255  255  255  250  227   72   29    6    6    6
    0    0    0    0    0  255  255  255  255  250  227   72   29    6    6    6
    0    0    0    0    0  255  255  255  255  250  227   72   29    6    6    6
    0    0    0    0    0  255  255  255  255  250  227   72   29    6    6    6
    0    0    0    0    0  255  255  255  255  250  227   72   29    6    6    6
    0    0    0    0    0  255  255  255  255  250  227   72   29    6    6    6
    0    0    0    0    0  255  255  255  255  250  227   72   29    6    6    6
    0    0    0    0    0  255  255  255  255  250  227   72   29    6    6    6
    0    0    0    0    0  255  255  255  255  250  227   72   29    6    6    6
    0    0    0    0    0  255  255  255  255  250  227   72   29    6    6    6
    0    0    0    0    0  255  255  255  255  250  227   72   29    6    6    6
    0    0    0    0    0  255  255  255  255  250  227   72   29    6    6    6
    0    0    0    0    0  255  255  255  255  250  227   72   29    6    6    6


ans(:,:,2) =

    1    1    1    0    0   41   12    2    2    0    0  255  255  255  255  255
    1    1    1    0    0   41   12    2    2    0    0  255  255  255  255  255
    1    1    1    0    0   41   12    2    2    0    0  255  255  255  255  255
    1    1    1    0    0   41   12    2    2    0    0  255  255  255  255  255
    1    1    1    0    0   41   12    2    2    0    0  255  255  255  255  255
    1    1    1    0    0   41   12    2    2    0    0  255  255  255  255  255
    1    1    1    0    0   41   12    2    2    0    0  255  255  255  255  255
    1    1    1    0    0   41   12    2    2    0    0  255  255  255  255  255
    1    1    1    0    0   41   12    2    2    0    0  255  255  255  255  255
    1    1    1    0    0   41   12    2    2    0    0  255  255  255  255  255
    1    1    1    0    0   41   12    2    2    0    0  255  255  255  255  255
    1    1    1    0    0   41   12    2    2    0    0  255  255  255  255  255
    1    1    1    0    0   41   12    2    2    0    0  255  255  255  255  255
    1    1    1    0    0   41   12    2    2    0    0  255  255  255  255  255
    1    1    1    0    0   41   12    2    2    0    0  255  255  255  255  255
    1    1    1    0    0   41   12    2    2    0    0  255  255  255  255  255


ans(:,:,3) =

  255  255  255  252  240   19    4    1    1    0    0   53   19    4    4    4
  255  255  255  252  240   19    4    1    1    0    0   53   19    4    4    4
  255  255  255  252  240   19    4    1    1    0    0   53   19    4    4    4
  255  255  255  252  240   19    4    1    1    0    0   53   19    4    4    4
  255  255  255  252  240   19    4    1    1    0    0   53   19    4    4    4
  255  255  255  252  240   19    4    1    1    0    0   53   19    4    4    4
  255  255  255  252  240   19    4    1    1    0    0   53   19    4    4    4
  255  255  255  252  240   19    4    1    1    0    0   53   19    4    4    4
  255  255  255  252  240   19    4    1    1    0    0   53   19    4    4    4
  255  255  255  252  240   19    4    1    1    0    0   53   19    4    4    4
  255  255  255  252  240   19    4    1    1    0    0   53   19    4    4    4
  255  255  255  252  240   19    4    1    1    0    0   53   19    4    4    4
  255  255  255  252  240   19    4    1    1    0    0   53   19    4    4    4
  255  255  255  252  240   19    4    1    1    0    0   53   19    4    4    4
  255  255  255  252  240   19    4    1    1    0    0   53   19    4    4    4
  255  255  255  252  240   19    4    1    1    0    0   53   19    4    4    4

diary off
