 ans  =
 
    1.  
 
-->B_jpeg=cvtColor(A_jpeg,"CV_BGR2HSV",0)
 B_jpeg  =
 
 
       B_jpeg(1)
 
  255  255  255  255  255  255  255  255  255  255  255  255  255  255  255  255  
  252  252  252  252  252  252  252  252  252  252  252  252  252  252  252  252  
  253  253  253  253  253  253  253  253  253  253  253  253  253  253  253  253  
  213  213  213  213  213  213  213  213  213  213  213  213  213  213  213  213  
  137  137  137  137  137  137  137  137  137  137  137  137  137  137  137  137  
  174  174  174  174  174  174  174  174  174  174  174  174  174  174  174  174  
  227  227  227  227  227  227  227  227  227  227  227  227  227  227  227  227  
  252  252  252  252  252  252  252  252  252  252  252  252  252  252  252  252  
  253  253  253  253  253  253  253  253  253  253  253  253  253  253  253  253  
  217  217  217  217  217  217  217  217  217  217  217  217  217  217  217  217  
  130  130  130  130  130  130  130  130  130  130  130  130  130  130  130  130  
  187  187  187  187  187  187  187  187  187  187  187  187  187  187  187  187  
  234  234  234  234  234  234  234  234  234  234  234  234  234  234  234  234  
  255  255  255  255  255  255  255  255  255  255  255  255  255  255  255  255  
  254  254  254  254  254  254  254  254  254  254  254  254  254  254  254  254  
  251  251  251  251  251  251  251  251  251  251  251  251  251  251  251  251  
 
       B_jpeg(2)
 
  255  255  255  255  255  255  255  255  255  255  255  255  255  255  255  255  
  255  255  255  255  255  255  255  255  255  255  255  255  255  255  255  255  
  254  254  254  254  254  254  254  254  254  254  254  254  254  254  254  254  
  255  255  255  255  255  255  255  255  255  255  255  255  255  255  255  255  
  255  255  255  255  255  255  255  255  255  255  255  255  255  255  255  255  
  224  224  224  224  224  224  224  224  224  224  224  224  224  224  224  224  
  247  247  247  247  247  247  247  247  247  247  247  247  247  247  247  247  
  255  255  255  255  255  255  255  255  255  255  255  255  255  255  255  255  
  255  255  255  255  255  255  255  255  255  255  255  255  255  255  255  255  
  255  255  255  255  255  255  255  255  255  255  255  255  255  255  255  255  
  255  255  255  255  255  255  255  255  255  255  255  255  255  255  255  255  
  211  211  211  211  211  211  211  211  211  211  211  211  211  211  211  211  
  250  250  250  250  250  250  250  250  250  250  250  250  250  250  250  250  
  255  255  255  255  255  255  255  255  255  255  255  255  255  255  255  255  
  254  254  254  254  254  254  254  254  254  254  254  254  254  254  254  254  
  252  252  252  252  252  252  252  252  252  252  252  252  252  252  252  252  
 
       B_jpeg(3)
 
  120  120  120  120  120  120  120  120  120  120  120  120  120  120  120  120  
  120  120  120  120  120  120  120  120  120  120  120  120  120  120  120  120  
  120  120  120  120  120  120  120  120  120  120  120  120  120  120  120  120  
  124  124  124  124  124  124  124  124  124  124  124  124  124  124  124  124  
  136  136  136  136  136  136  136  136  136  136  136  136  136  136  136  136  
  162  162  162  162  162  162  162  162  162  162  162  162  162  162  162  162  
  175  175  175  175  175  175  175  175  175  175  175  175  175  175  175  175  
    0    0    0    0    0    0    0    0    0    0    0    0    0    0    0    0  
    0    0    0    0    0    0    0    0    0    0    0    0    0    0    0    0  
    4    4    4    4    4    4    4    4    4    4    4    4    4    4    4    4  
   14   14   14   14   14   14   14   14   14   14   14   14   14   14   14   14  
   42   42   42   42   42   42   42   42   42   42   42   42   42   42   42   42  
   56   56   56   56   56   56   56   56   56   56   56   56   56   56   56   56  
   60   60   60   60   60   60   60   60   60   60   60   60   60   60   60   60  
   61   61   61   61   61   61   61   61   61   61   61   61   61   61   61   61  
   60   60   60   60   60   60   60   60   60   60   60   60   60   60   60   60  
 
-->//B_png=cvtColor(A_png,"CV_BGR2HSVb",0)
 
-->B_bmp = cvtColor(A_bmp,"CV_BGR2HSV",0)
 B_bmp  =
 
 
       B_bmp(1)
 
  255  255  255  255  255  255  255  255  255  255  255  255  255  255  255  255  
  255  255  255  255  255  255  255  255  255  255  255  255  255  255  255  255  
  255  255  255  255  255  255  255  255  255  255  255  255  255  255  255  255  
  255  255  255  255  255  255  255  255  255  255  255  255  255  255  255  255  
  255  255  255  255  255  255  255  255  255  255  255  255  255  255  255  255  
  255  255  255  255  255  255  255  255  255  255  255  255  255  255  255  255  
  255  255  255  255  255  255  255  255  255  255  255  255  255  255  255  255  
  255  255  255  255  255  255  255  255  255  255  255  255  255  255  255  255  
  255  255  255  255  255  255  255  255  255  255  255  255  255  255  255  255  
  255  255  255  255  255  255  255  255  255  255  255  255  255  255  255  255  
  255  255  255  255  255  255  255  255  255  255  255  255  255  255  255  255  
  255  255  255  255  255  255  255  255  255  255  255  255  255  255  255  255  
  255  255  255  255  255  255  255  255  255  255  255  255  255  255  255  255  
  255  255  255  255  255  255  255  255  255  255  255  255  255  255  255  255  
  255  255  255  255  255  255  255  255  255  255  255  255  255  255  255  255  
  255  255  255  255  255  255  255  255  255  255  255  255  255  255  255  255  
 
       B_bmp(2)
 
  255  255  255  255  255  255  255  255  255  255  255  255  255  255  255  255  
  255  255  255  255  255  255  255  255  255  255  255  255  255  255  255  255  
  255  255  255  255  255  255  255  255  255  255  255  255  255  255  255  255  
  255  255  255  255  255  255  255  255  255  255  255  255  255  255  255  255  
  255  255  255  255  255  255  255  255  255  255  255  255  255  255  255  255  
  255  255  255  255  255  255  255  255  255  255  255  255  255  255  255  255  
  255  255  255  255  255  255  255  255  255  255  255  255  255  255  255  255  
  255  255  255  255  255  255  255  255  255  255  255  255  255  255  255  255  
  255  255  255  255  255  255  255  255  255  255  255  255  255  255  255  255  
  255  255  255  255  255  255  255  255  255  255  255  255  255  255  255  255  
  255  255  255  255  255  255  255  255  255  255  255  255  255  255  255  255  
  255  255  255  255  255  255  255  255  255  255  255  255  255  255  255  255  
  255  255  255  255  255  255  255  255  255  255  255  255  255  255  255  255  
  255  255  255  255  255  255  255  255  255  255  255  255  255  255  255  255  
  255  255  255  255  255  255  255  255  255  255  255  255  255  255  255  255  
  255  255  255  255  255  255  255  255  255  255  255  255  255  255  255  255  
 
       B_bmp(3)
 
  120  120  120  120  120  120  120  120  120  120  120  120  120  120  120  120  
  120  120  120  120  120  120  120  120  120  120  120  120  120  120  120  120  
  120  120  120  120  120  120  120  120  120  120  120  120  120  120  120  120  
  120  120  120  120  120  120  120  120  120  120  120  120  120  120  120  120  
  120  120  120  120  120  120  120  120  120  120  120  120  120  120  120  120  
    0    0    0    0    0    0    0    0    0    0    0    0    0    0    0    0  
    0    0    0    0    0    0    0    0    0    0    0    0    0    0    0    0  
    0    0    0    0    0    0    0    0    0    0    0    0    0    0    0    0  
    0    0    0    0    0    0    0    0    0    0    0    0    0    0    0    0  
    0    0    0    0    0    0    0    0    0    0    0    0    0    0    0    0  
    0    0    0    0    0    0    0    0    0    0    0    0    0    0    0    0  
   60   60   60   60   60   60   60   60   60   60   60   60   60   60   60   60  
   60   60   60   60   60   60   60   60   60   60   60   60   60   60   60   60  
   60   60   60   60   60   60   60   60   60   60   60   60   60   60   60   60  
   60   60   60   60   60   60   60   60   60   60   60   60   60   60   60   60  
   60   60   60   60   60   60   60   60   60   60   60   60   60   60   60   60  
 
-->B_tif=cvtColor(A_tif,"CV_BGR2HSV",0)
 B_tif  =
 
 
       B_tif(1)
 
  255  255  255  255  255  255  255  255  255  255  255  255  255  255  255  255  
  255  255  255  255  255  255  255  255  255  255  255  255  255  255  255  255  
  255  255  255  255  255  255  255  255  255  255  255  255  255  255  255  255  
  255  255  255  255  255  255  255  255  255  255  255  255  255  255  255  255  
  255  255  255  255  255  255  255  255  255  255  255  255  255  255  255  255  
  255  255  255  255  255  255  255  255  255  255  255  255  255  255  255  255  
  255  255  255  255  255  255  255  255  255  255  255  255  255  255  255  255  
  255  255  255  255  255  255  255  255  255  255  255  255  255  255  255  255  
  255  255  255  255  255  255  255  255  255  255  255  255  255  255  255  255  
  255  255  255  255  255  255  255  255  255  255  255  255  255  255  255  255  
  255  255  255  255  255  255  255  255  255  255  255  255  255  255  255  255  
  255  255  255  255  255  255  255  255  255  255  255  255  255  255  255  255  
  255  255  255  255  255  255  255  255  255  255  255  255  255  255  255  255  
  255  255  255  255  255  255  255  255  255  255  255  255  255  255  255  255  
  255  255  255  255  255  255  255  255  255  255  255  255  255  255  255  255  
  255  255  255  255  255  255  255  255  255  255  255  255  255  255  255  255  
 
       B_tif(2)
 
  255  255  255  255  255  255  255  255  255  255  255  255  255  255  255  255  
  255  255  255  255  255  255  255  255  255  255  255  255  255  255  255  255  
  255  255  255  255  255  255  255  255  255  255  255  255  255  255  255  255  
  255  255  255  255  255  255  255  255  255  255  255  255  255  255  255  255  
  255  255  255  255  255  255  255  255  255  255  255  255  255  255  255  255  
  255  255  255  255  255  255  255  255  255  255  255  255  255  255  255  255  
  255  255  255  255  255  255  255  255  255  255  255  255  255  255  255  255  
  255  255  255  255  255  255  255  255  255  255  255  255  255  255  255  255  
  255  255  255  255  255  255  255  255  255  255  255  255  255  255  255  255  
  255  255  255  255  255  255  255  255  255  255  255  255  255  255  255  255  
  255  255  255  255  255  255  255  255  255  255  255  255  255  255  255  255  
  255  255  255  255  255  255  255  255  255  255  255  255  255  255  255  255  
  255  255  255  255  255  255  255  255  255  255  255  255  255  255  255  255  
  255  255  255  255  255  255  255  255  255  255  255  255  255  255  255  255  
  255  255  255  255  255  255  255  255  255  255  255  255  255  255  255  255  
  255  255  255  255  255  255  255  255  255  255  255  255  255  255  255  255  
 
       B_tif(3)
 
  120  120  120  120  120  120  120  120  120  120  120  120  120  120  120  120  
  120  120  120  120  120  120  120  120  120  120  120  120  120  120  120  120  
  120  120  120  120  120  120  120  120  120  120  120  120  120  120  120  120  
  120  120  120  120  120  120  120  120  120  120  120  120  120  120  120  120  
  120  120  120  120  120  120  120  120  120  120  120  120  120  120  120  120  
    0    0    0    0    0    0    0    0    0    0    0    0    0    0    0    0  
    0    0    0    0    0    0    0    0    0    0    0    0    0    0    0    0  
    0    0    0    0    0    0    0    0    0    0    0    0    0    0    0    0  
    0    0    0    0    0    0    0    0    0    0    0    0    0    0    0    0  
    0    0    0    0    0    0    0    0    0    0    0    0    0    0    0    0  
    0    0    0    0    0    0    0    0    0    0    0    0    0    0    0    0  
   60   60   60   60   60   60   60   60   60   60   60   60   60   60   60   60  
   60   60   60   60   60   60   60   60   60   60   60   60   60   60   60   60  
   60   60   60   60   60   60   60   60   60   60   60   60   60   60   60   60  
   60   60   60   60   60   60   60   60   60   60   60   60   60   60   60   60  
   60   60   60   60   60   60   60   60   60   60   60   60   60   60   60   60  
 
-->diary(0)
