
B_jpeg =

  Columns 1 through 12

     0     0     0     0     0     0     0     0     0     0     0     0
     0     0     0     0     1     0     0     0     0     0     1     0
     0     0     0     0     1     0     0     0     0     0     1     0
     0     0     0     0     1     0     0     0     0     0     1     0
     0     0     0     0     1     0     0     0     0     0     1     0
     0     0     0     0     1     0     0     0     0     0     1     0
     0     0     0     0     1     0     0     0     0     0     1     0
     0     0     0     0     1     0     0     0     0     0     1     0
     0     0     0     0     1     0     0     0     0     0     1     0
     0     0     0     0     1     0     0     0     0     0     1     0
     0     0     0     0     1     0     0     0     0     0     1     0
     0     0     0     0     1     0     0     0     0     0     1     0
     0     0     0     0     1     0     0     0     0     0     1     0
     0     0     0     0     1     0     0     0     0     0     1     0
     0     0     0     0     1     0     0     0     0     0     1     0
     0     0     0     0     0     0     0     0     0     0     0     0

  Columns 13 through 16

     0     0     0     0
     0     0     0     0
     0     0     0     0
     0     0     0     0
     0     0     0     0
     0     0     0     0
     0     0     0     0
     0     0     0     0
     0     0     0     0
     0     0     0     0
     0     0     0     0
     0     0     0     0
     0     0     0     0
     0     0     0     0
     0     0     0     0
     0     0     0     0


B_png =

  Columns 1 through 12

     0     0     0     0     0     0     0     0     0     0     0     0
     0     0     0     0     1     0     0     0     0     0     1     0
     0     0     0     0     1     0     0     0     0     0     1     0
     0     0     0     0     1     0     0     0     0     0     1     0
     0     0     0     0     1     0     0     0     0     0     1     0
     0     0     0     0     1     0     0     0     0     0     1     0
     0     0     0     0     1     0     0     0     0     0     1     0
     0     0     0     0     1     0     0     0     0     0     1     0
     0     0     0     0     1     0     0     0     0     0     1     0
     0     0     0     0     1     0     0     0     0     0     1     0
     0     0     0     0     1     0     0     0     0     0     1     0
     0     0     0     0     1     0     0     0     0     0     1     0
     0     0     0     0     1     0     0     0     0     0     1     0
     0     0     0     0     1     0     0     0     0     0     1     0
     0     0     0     0     1     0     0     0     0     0     1     0
     0     0     0     0     0     0     0     0     0     0     0     0

  Columns 13 through 16

     0     0     0     0
     0     0     0     0
     0     0     0     0
     0     0     0     0
     0     0     0     0
     0     0     0     0
     0     0     0     0
     0     0     0     0
     0     0     0     0
     0     0     0     0
     0     0     0     0
     0     0     0     0
     0     0     0     0
     0     0     0     0
     0     0     0     0
     0     0     0     0


B_bmp =

  Columns 1 through 11

     0     0     0     0     0     0     0     0     0     0     0
     0     0     0     0     1     0     0     0     0     0     1
     0     0     0     0     1     0     0     0     0     0     1
     0     0     0     0     1     0     0     0     0     0     1
     0     0     0     0     1     0     0     0     0     0     1
     0     0     0     0     1     0     0     0     0     0     1
     0     0     0     0     1     0     0     0     0     0     1
     0     0     0     0     1     0     0     0     0     0     1
     0     0     0     0     1     0     0     0     0     0     1
     0     0     0     0     1     0     0     0     0     0     1
     0     0     0     0     1     0     0     0     0     0     1
     0     0     0     0     1     0     0     0     0     0     1
     0     0     0     0     1     0     0     0     0     0     1
     0     0     0     0     1     0     0     0     0     0     1
     0     0     0     0     1     0     0     0     0     0     1
     0     0     0     0     0     0     0     0     0     0     0

  Columns 12 through 16

     0     0     0     0     0
     0     0     0     0     0
     0     0     0     0     0
     0     0     0     0     0
     0     0     0     0     0
     0     0     0     0     0
     0     0     0     0     0
     0     0     0     0     0
     0     0     0     0     0
     0     0     0     0     0
     0     0     0     0     0
     0     0     0     0     0
     0     0     0     0     0
     0     0     0     0     0
     0     0     0     0     0
     0     0     0     0     0


B_tif =

  Columns 1 through 11

     0     0     0     0     0     0     0     0     0     0     0
     0     0     0     0     1     0     0     0     0     0     1
     0     0     0     0     1     0     0     0     0     0     1
     0     0     0     0     1     0     0     0     0     0     1
     0     0     0     0     1     0     0     0     0     0     1
     0     0     0     0     1     0     0     0     0     0     1
     0     0     0     0     1     0     0     0     0     0     1
     0     0     0     0     1     0     0     0     0     0     1
     0     0     0     0     1     0     0     0     0     0     1
     0     0     0     0     1     0     0     0     0     0     1
     0     0     0     0     1     0     0     0     0     0     1
     0     0     0     0     1     0     0     0     0     0     1
     0     0     0     0     1     0     0     0     0     0     1
     0     0     0     0     1     0     0     0     0     0     1
     0     0     0     0     1     0     0     0     0     0     1
     0     0     0     0     0     0     0     0     0     0     0

  Columns 12 through 16

     0     0     0     0     0
     0     0     0     0     0
     0     0     0     0     0
     0     0     0     0     0
     0     0     0     0     0
     0     0     0     0     0
     0     0     0     0     0
     0     0     0     0     0
     0     0     0     0     0
     0     0     0     0     0
     0     0     0     0     0
     0     0     0     0     0
     0     0     0     0     0
     0     0     0     0     0
     0     0     0     0     0
     0     0     0     0     0

