

B_jpeg(:,:,1) =

  Columns 1 through 11

    0.1809    0.1758    0.1777    0.1244    0.0734    0.2059    0.3217    0.4016    0.4051    0.2901    0.1082
    0.1809    0.1758    0.1777    0.1244    0.0734    0.2059    0.3217    0.4016    0.4051    0.2901    0.1082
    0.1809    0.1758    0.1777    0.1244    0.0734    0.2059    0.3217    0.4016    0.4051    0.2901    0.1082
    0.1809    0.1758    0.1777    0.1244    0.0734    0.2059    0.3217    0.4016    0.4051    0.2901    0.1082
    0.1809    0.1758    0.1777    0.1244    0.0734    0.2059    0.3217    0.4016    0.4051    0.2901    0.1082
    0.1809    0.1758    0.1777    0.1244    0.0734    0.2059    0.3217    0.4016    0.4051    0.2901    0.1082
    0.1809    0.1758    0.1777    0.1244    0.0734    0.2059    0.3217    0.4016    0.4051    0.2901    0.1082
    0.1809    0.1758    0.1777    0.1244    0.0734    0.2059    0.3217    0.4016    0.4051    0.2901    0.1082
    0.1809    0.1758    0.1777    0.1244    0.0734    0.2059    0.3217    0.4016    0.4051    0.2901    0.1082
    0.1809    0.1758    0.1777    0.1244    0.0734    0.2059    0.3217    0.4016    0.4051    0.2901    0.1082
    0.1809    0.1758    0.1777    0.1244    0.0734    0.2059    0.3217    0.4016    0.4051    0.2901    0.1082
    0.1809    0.1758    0.1777    0.1244    0.0734    0.2059    0.3217    0.4016    0.4051    0.2901    0.1082
    0.1809    0.1758    0.1777    0.1244    0.0734    0.2059    0.3217    0.4016    0.4051    0.2901    0.1082
    0.1809    0.1758    0.1777    0.1244    0.0734    0.2059    0.3217    0.4016    0.4051    0.2901    0.1082
    0.1809    0.1758    0.1777    0.1244    0.0734    0.2059    0.3217    0.4016    0.4051    0.2901    0.1082
    0.1809    0.1758    0.1777    0.1244    0.0734    0.2059    0.3217    0.4016    0.4051    0.2901    0.1082

  Columns 12 through 16

    0.2664    0.3021    0.3576    0.3548    0.3457
    0.2664    0.3021    0.3576    0.3548    0.3457
    0.2664    0.3021    0.3576    0.3548    0.3457
    0.2664    0.3021    0.3576    0.3548    0.3457
    0.2664    0.3021    0.3576    0.3548    0.3457
    0.2664    0.3021    0.3576    0.3548    0.3457
    0.2664    0.3021    0.3576    0.3548    0.3457
    0.2664    0.3021    0.3576    0.3548    0.3457
    0.2664    0.3021    0.3576    0.3548    0.3457
    0.2664    0.3021    0.3576    0.3548    0.3457
    0.2664    0.3021    0.3576    0.3548    0.3457
    0.2664    0.3021    0.3576    0.3548    0.3457
    0.2664    0.3021    0.3576    0.3548    0.3457
    0.2664    0.3021    0.3576    0.3548    0.3457
    0.2664    0.3021    0.3576    0.3548    0.3457
    0.2664    0.3021    0.3576    0.3548    0.3457


B_jpeg(:,:,2) =

  Columns 1 through 11

    0.0724    0.0703    0.0713    0.0502    0.0326    0.1068    0.1665    0.2070    0.2088    0.1554    0.0798
    0.0724    0.0703    0.0713    0.0502    0.0326    0.1068    0.1665    0.2070    0.2088    0.1554    0.0798
    0.0724    0.0703    0.0713    0.0502    0.0326    0.1068    0.1665    0.2070    0.2088    0.1554    0.0798
    0.0724    0.0703    0.0713    0.0502    0.0326    0.1068    0.1665    0.2070    0.2088    0.1554    0.0798
    0.0724    0.0703    0.0713    0.0502    0.0326    0.1068    0.1665    0.2070    0.2088    0.1554    0.0798
    0.0724    0.0703    0.0713    0.0502    0.0326    0.1068    0.1665    0.2070    0.2088    0.1554    0.0798
    0.0724    0.0703    0.0713    0.0502    0.0326    0.1068    0.1665    0.2070    0.2088    0.1554    0.0798
    0.0724    0.0703    0.0713    0.0502    0.0326    0.1068    0.1665    0.2070    0.2088    0.1554    0.0798
    0.0724    0.0703    0.0713    0.0502    0.0326    0.1068    0.1665    0.2070    0.2088    0.1554    0.0798
    0.0724    0.0703    0.0713    0.0502    0.0326    0.1068    0.1665    0.2070    0.2088    0.1554    0.0798
    0.0724    0.0703    0.0713    0.0502    0.0326    0.1068    0.1665    0.2070    0.2088    0.1554    0.0798
    0.0724    0.0703    0.0713    0.0502    0.0326    0.1068    0.1665    0.2070    0.2088    0.1554    0.0798
    0.0724    0.0703    0.0713    0.0502    0.0326    0.1068    0.1665    0.2070    0.2088    0.1554    0.0798
    0.0724    0.0703    0.0713    0.0502    0.0326    0.1068    0.1665    0.2070    0.2088    0.1554    0.0798
    0.0724    0.0703    0.0713    0.0502    0.0326    0.1068    0.1665    0.2070    0.2088    0.1554    0.0798
    0.0724    0.0703    0.0713    0.0502    0.0326    0.1068    0.1665    0.2070    0.2088    0.1554    0.0798

  Columns 12 through 16

    0.4008    0.5925    0.7152    0.7090    0.6903
    0.4008    0.5925    0.7152    0.7090    0.6903
    0.4008    0.5925    0.7152    0.7090    0.6903
    0.4008    0.5925    0.7152    0.7090    0.6903
    0.4008    0.5925    0.7152    0.7090    0.6903
    0.4008    0.5925    0.7152    0.7090    0.6903
    0.4008    0.5925    0.7152    0.7090    0.6903
    0.4008    0.5925    0.7152    0.7090    0.6903
    0.4008    0.5925    0.7152    0.7090    0.6903
    0.4008    0.5925    0.7152    0.7090    0.6903
    0.4008    0.5925    0.7152    0.7090    0.6903
    0.4008    0.5925    0.7152    0.7090    0.6903
    0.4008    0.5925    0.7152    0.7090    0.6903
    0.4008    0.5925    0.7152    0.7090    0.6903
    0.4008    0.5925    0.7152    0.7090    0.6903
    0.4008    0.5925    0.7152    0.7090    0.6903


B_jpeg(:,:,3) =

  Columns 1 through 11

    0.9505    0.9253    0.9337    0.6326    0.2391    0.1602    0.0371    0.0194    0.0190    0.0147    0.0097
    0.9505    0.9253    0.9337    0.6326    0.2391    0.1602    0.0371    0.0194    0.0190    0.0147    0.0097
    0.9505    0.9253    0.9337    0.6326    0.2391    0.1602    0.0371    0.0194    0.0190    0.0147    0.0097
    0.9505    0.9253    0.9337    0.6326    0.2391    0.1602    0.0371    0.0194    0.0190    0.0147    0.0097
    0.9505    0.9253    0.9337    0.6326    0.2391    0.1602    0.0371    0.0194    0.0190    0.0147    0.0097
    0.9505    0.9253    0.9337    0.6326    0.2391    0.1602    0.0371    0.0194    0.0190    0.0147    0.0097
    0.9505    0.9253    0.9337    0.6326    0.2391    0.1602    0.0371    0.0194    0.0190    0.0147    0.0097
    0.9505    0.9253    0.9337    0.6326    0.2391    0.1602    0.0371    0.0194    0.0190    0.0147    0.0097
    0.9505    0.9253    0.9337    0.6326    0.2391    0.1602    0.0371    0.0194    0.0190    0.0147    0.0097
    0.9505    0.9253    0.9337    0.6326    0.2391    0.1602    0.0371    0.0194    0.0190    0.0147    0.0097
    0.9505    0.9253    0.9337    0.6326    0.2391    0.1602    0.0371    0.0194    0.0190    0.0147    0.0097
    0.9505    0.9253    0.9337    0.6326    0.2391    0.1602    0.0371    0.0194    0.0190    0.0147    0.0097
    0.9505    0.9253    0.9337    0.6326    0.2391    0.1602    0.0371    0.0194    0.0190    0.0147    0.0097
    0.9505    0.9253    0.9337    0.6326    0.2391    0.1602    0.0371    0.0194    0.0190    0.0147    0.0097
    0.9505    0.9253    0.9337    0.6326    0.2391    0.1602    0.0371    0.0194    0.0190    0.0147    0.0097
    0.9505    0.9253    0.9337    0.6326    0.2391    0.1602    0.0371    0.0194    0.0190    0.0147    0.0097

  Columns 12 through 16

    0.0770    0.0999    0.1192    0.1196    0.1170
    0.0770    0.0999    0.1192    0.1196    0.1170
    0.0770    0.0999    0.1192    0.1196    0.1170
    0.0770    0.0999    0.1192    0.1196    0.1170
    0.0770    0.0999    0.1192    0.1196    0.1170
    0.0770    0.0999    0.1192    0.1196    0.1170
    0.0770    0.0999    0.1192    0.1196    0.1170
    0.0770    0.0999    0.1192    0.1196    0.1170
    0.0770    0.0999    0.1192    0.1196    0.1170
    0.0770    0.0999    0.1192    0.1196    0.1170
    0.0770    0.0999    0.1192    0.1196    0.1170
    0.0770    0.0999    0.1192    0.1196    0.1170
    0.0770    0.0999    0.1192    0.1196    0.1170
    0.0770    0.0999    0.1192    0.1196    0.1170
    0.0770    0.0999    0.1192    0.1196    0.1170
    0.0770    0.0999    0.1192    0.1196    0.1170


B_png(:,:,1) =

  Columns 1 through 11

    0.1805    0.1805    0.1805    0.1805    0.1805    0.4124    0.4124    0.4124    0.4124    0.4124    0.4124
    0.1805    0.1805    0.1805    0.1805    0.1805    0.4124    0.4124    0.4124    0.4124    0.4124    0.4124
    0.1805    0.1805    0.1805    0.1805    0.1805    0.4124    0.4124    0.4124    0.4124    0.4124    0.4124
    0.1805    0.1805    0.1805    0.1805    0.1805    0.4124    0.4124    0.4124    0.4124    0.4124    0.4124
    0.1805    0.1805    0.1805    0.1805    0.1805    0.4124    0.4124    0.4124    0.4124    0.4124    0.4124
    0.1805    0.1805    0.1805    0.1805    0.1805    0.4124    0.4124    0.4124    0.4124    0.4124    0.4124
    0.1805    0.1805    0.1805    0.1805    0.1805    0.4124    0.4124    0.4124    0.4124    0.4124    0.4124
    0.1805    0.1805    0.1805    0.1805    0.1805    0.4124    0.4124    0.4124    0.4124    0.4124    0.4124
    0.1805    0.1805    0.1805    0.1805    0.1805    0.4124    0.4124    0.4124    0.4124    0.4124    0.4124
    0.1805    0.1805    0.1805    0.1805    0.1805    0.4124    0.4124    0.4124    0.4124    0.4124    0.4124
    0.1805    0.1805    0.1805    0.1805    0.1805    0.4124    0.4124    0.4124    0.4124    0.4124    0.4124
    0.1805    0.1805    0.1805    0.1805    0.1805    0.4124    0.4124    0.4124    0.4124    0.4124    0.4124
    0.1805    0.1805    0.1805    0.1805    0.1805    0.4124    0.4124    0.4124    0.4124    0.4124    0.4124
    0.1805    0.1805    0.1805    0.1805    0.1805    0.4124    0.4124    0.4124    0.4124    0.4124    0.4124
    0.1805    0.1805    0.1805    0.1805    0.1805    0.4124    0.4124    0.4124    0.4124    0.4124    0.4124
    0.1805    0.1805    0.1805    0.1805    0.1805    0.4124    0.4124    0.4124    0.4124    0.4124    0.4124

  Columns 12 through 16

    0.3576    0.3576    0.3576    0.3576    0.3576
    0.3576    0.3576    0.3576    0.3576    0.3576
    0.3576    0.3576    0.3576    0.3576    0.3576
    0.3576    0.3576    0.3576    0.3576    0.3576
    0.3576    0.3576    0.3576    0.3576    0.3576
    0.3576    0.3576    0.3576    0.3576    0.3576
    0.3576    0.3576    0.3576    0.3576    0.3576
    0.3576    0.3576    0.3576    0.3576    0.3576
    0.3576    0.3576    0.3576    0.3576    0.3576
    0.3576    0.3576    0.3576    0.3576    0.3576
    0.3576    0.3576    0.3576    0.3576    0.3576
    0.3576    0.3576    0.3576    0.3576    0.3576
    0.3576    0.3576    0.3576    0.3576    0.3576
    0.3576    0.3576    0.3576    0.3576    0.3576
    0.3576    0.3576    0.3576    0.3576    0.3576
    0.3576    0.3576    0.3576    0.3576    0.3576


B_png(:,:,2) =

  Columns 1 through 11

    0.0722    0.0722    0.0722    0.0722    0.0722    0.2126    0.2126    0.2126    0.2126    0.2126    0.2126
    0.0722    0.0722    0.0722    0.0722    0.0722    0.2126    0.2126    0.2126    0.2126    0.2126    0.2126
    0.0722    0.0722    0.0722    0.0722    0.0722    0.2126    0.2126    0.2126    0.2126    0.2126    0.2126
    0.0722    0.0722    0.0722    0.0722    0.0722    0.2126    0.2126    0.2126    0.2126    0.2126    0.2126
    0.0722    0.0722    0.0722    0.0722    0.0722    0.2126    0.2126    0.2126    0.2126    0.2126    0.2126
    0.0722    0.0722    0.0722    0.0722    0.0722    0.2126    0.2126    0.2126    0.2126    0.2126    0.2126
    0.0722    0.0722    0.0722    0.0722    0.0722    0.2126    0.2126    0.2126    0.2126    0.2126    0.2126
    0.0722    0.0722    0.0722    0.0722    0.0722    0.2126    0.2126    0.2126    0.2126    0.2126    0.2126
    0.0722    0.0722    0.0722    0.0722    0.0722    0.2126    0.2126    0.2126    0.2126    0.2126    0.2126
    0.0722    0.0722    0.0722    0.0722    0.0722    0.2126    0.2126    0.2126    0.2126    0.2126    0.2126
    0.0722    0.0722    0.0722    0.0722    0.0722    0.2126    0.2126    0.2126    0.2126    0.2126    0.2126
    0.0722    0.0722    0.0722    0.0722    0.0722    0.2126    0.2126    0.2126    0.2126    0.2126    0.2126
    0.0722    0.0722    0.0722    0.0722    0.0722    0.2126    0.2126    0.2126    0.2126    0.2126    0.2126
    0.0722    0.0722    0.0722    0.0722    0.0722    0.2126    0.2126    0.2126    0.2126    0.2126    0.2126
    0.0722    0.0722    0.0722    0.0722    0.0722    0.2126    0.2126    0.2126    0.2126    0.2126    0.2126
    0.0722    0.0722    0.0722    0.0722    0.0722    0.2126    0.2126    0.2126    0.2126    0.2126    0.2126

  Columns 12 through 16

    0.7152    0.7152    0.7152    0.7152    0.7152
    0.7152    0.7152    0.7152    0.7152    0.7152
    0.7152    0.7152    0.7152    0.7152    0.7152
    0.7152    0.7152    0.7152    0.7152    0.7152
    0.7152    0.7152    0.7152    0.7152    0.7152
    0.7152    0.7152    0.7152    0.7152    0.7152
    0.7152    0.7152    0.7152    0.7152    0.7152
    0.7152    0.7152    0.7152    0.7152    0.7152
    0.7152    0.7152    0.7152    0.7152    0.7152
    0.7152    0.7152    0.7152    0.7152    0.7152
    0.7152    0.7152    0.7152    0.7152    0.7152
    0.7152    0.7152    0.7152    0.7152    0.7152
    0.7152    0.7152    0.7152    0.7152    0.7152
    0.7152    0.7152    0.7152    0.7152    0.7152
    0.7152    0.7152    0.7152    0.7152    0.7152
    0.7152    0.7152    0.7152    0.7152    0.7152


B_png(:,:,3) =

  Columns 1 through 11

    0.9505    0.9505    0.9505    0.9505    0.9505    0.0193    0.0193    0.0193    0.0193    0.0193    0.0193
    0.9505    0.9505    0.9505    0.9505    0.9505    0.0193    0.0193    0.0193    0.0193    0.0193    0.0193
    0.9505    0.9505    0.9505    0.9505    0.9505    0.0193    0.0193    0.0193    0.0193    0.0193    0.0193
    0.9505    0.9505    0.9505    0.9505    0.9505    0.0193    0.0193    0.0193    0.0193    0.0193    0.0193
    0.9505    0.9505    0.9505    0.9505    0.9505    0.0193    0.0193    0.0193    0.0193    0.0193    0.0193
    0.9505    0.9505    0.9505    0.9505    0.9505    0.0193    0.0193    0.0193    0.0193    0.0193    0.0193
    0.9505    0.9505    0.9505    0.9505    0.9505    0.0193    0.0193    0.0193    0.0193    0.0193    0.0193
    0.9505    0.9505    0.9505    0.9505    0.9505    0.0193    0.0193    0.0193    0.0193    0.0193    0.0193
    0.9505    0.9505    0.9505    0.9505    0.9505    0.0193    0.0193    0.0193    0.0193    0.0193    0.0193
    0.9505    0.9505    0.9505    0.9505    0.9505    0.0193    0.0193    0.0193    0.0193    0.0193    0.0193
    0.9505    0.9505    0.9505    0.9505    0.9505    0.0193    0.0193    0.0193    0.0193    0.0193    0.0193
    0.9505    0.9505    0.9505    0.9505    0.9505    0.0193    0.0193    0.0193    0.0193    0.0193    0.0193
    0.9505    0.9505    0.9505    0.9505    0.9505    0.0193    0.0193    0.0193    0.0193    0.0193    0.0193
    0.9505    0.9505    0.9505    0.9505    0.9505    0.0193    0.0193    0.0193    0.0193    0.0193    0.0193
    0.9505    0.9505    0.9505    0.9505    0.9505    0.0193    0.0193    0.0193    0.0193    0.0193    0.0193
    0.9505    0.9505    0.9505    0.9505    0.9505    0.0193    0.0193    0.0193    0.0193    0.0193    0.0193

  Columns 12 through 16

    0.1192    0.1192    0.1192    0.1192    0.1192
    0.1192    0.1192    0.1192    0.1192    0.1192
    0.1192    0.1192    0.1192    0.1192    0.1192
    0.1192    0.1192    0.1192    0.1192    0.1192
    0.1192    0.1192    0.1192    0.1192    0.1192
    0.1192    0.1192    0.1192    0.1192    0.1192
    0.1192    0.1192    0.1192    0.1192    0.1192
    0.1192    0.1192    0.1192    0.1192    0.1192
    0.1192    0.1192    0.1192    0.1192    0.1192
    0.1192    0.1192    0.1192    0.1192    0.1192
    0.1192    0.1192    0.1192    0.1192    0.1192
    0.1192    0.1192    0.1192    0.1192    0.1192
    0.1192    0.1192    0.1192    0.1192    0.1192
    0.1192    0.1192    0.1192    0.1192    0.1192
    0.1192    0.1192    0.1192    0.1192    0.1192
    0.1192    0.1192    0.1192    0.1192    0.1192


B_bmp(:,:,1) =

  Columns 1 through 11

    0.1805    0.1805    0.1805    0.1805    0.1805    0.4124    0.4124    0.4124    0.4124    0.4124    0.4124
    0.1805    0.1805    0.1805    0.1805    0.1805    0.4124    0.4124    0.4124    0.4124    0.4124    0.4124
    0.1805    0.1805    0.1805    0.1805    0.1805    0.4124    0.4124    0.4124    0.4124    0.4124    0.4124
    0.1805    0.1805    0.1805    0.1805    0.1805    0.4124    0.4124    0.4124    0.4124    0.4124    0.4124
    0.1805    0.1805    0.1805    0.1805    0.1805    0.4124    0.4124    0.4124    0.4124    0.4124    0.4124
    0.1805    0.1805    0.1805    0.1805    0.1805    0.4124    0.4124    0.4124    0.4124    0.4124    0.4124
    0.1805    0.1805    0.1805    0.1805    0.1805    0.4124    0.4124    0.4124    0.4124    0.4124    0.4124
    0.1805    0.1805    0.1805    0.1805    0.1805    0.4124    0.4124    0.4124    0.4124    0.4124    0.4124
    0.1805    0.1805    0.1805    0.1805    0.1805    0.4124    0.4124    0.4124    0.4124    0.4124    0.4124
    0.1805    0.1805    0.1805    0.1805    0.1805    0.4124    0.4124    0.4124    0.4124    0.4124    0.4124
    0.1805    0.1805    0.1805    0.1805    0.1805    0.4124    0.4124    0.4124    0.4124    0.4124    0.4124
    0.1805    0.1805    0.1805    0.1805    0.1805    0.4124    0.4124    0.4124    0.4124    0.4124    0.4124
    0.1805    0.1805    0.1805    0.1805    0.1805    0.4124    0.4124    0.4124    0.4124    0.4124    0.4124
    0.1805    0.1805    0.1805    0.1805    0.1805    0.4124    0.4124    0.4124    0.4124    0.4124    0.4124
    0.1805    0.1805    0.1805    0.1805    0.1805    0.4124    0.4124    0.4124    0.4124    0.4124    0.4124
    0.1805    0.1805    0.1805    0.1805    0.1805    0.4124    0.4124    0.4124    0.4124    0.4124    0.4124

  Columns 12 through 16

    0.3576    0.3576    0.3576    0.3576    0.3576
    0.3576    0.3576    0.3576    0.3576    0.3576
    0.3576    0.3576    0.3576    0.3576    0.3576
    0.3576    0.3576    0.3576    0.3576    0.3576
    0.3576    0.3576    0.3576    0.3576    0.3576
    0.3576    0.3576    0.3576    0.3576    0.3576
    0.3576    0.3576    0.3576    0.3576    0.3576
    0.3576    0.3576    0.3576    0.3576    0.3576
    0.3576    0.3576    0.3576    0.3576    0.3576
    0.3576    0.3576    0.3576    0.3576    0.3576
    0.3576    0.3576    0.3576    0.3576    0.3576
    0.3576    0.3576    0.3576    0.3576    0.3576
    0.3576    0.3576    0.3576    0.3576    0.3576
    0.3576    0.3576    0.3576    0.3576    0.3576
    0.3576    0.3576    0.3576    0.3576    0.3576
    0.3576    0.3576    0.3576    0.3576    0.3576


B_bmp(:,:,2) =

  Columns 1 through 11

    0.0722    0.0722    0.0722    0.0722    0.0722    0.2126    0.2126    0.2126    0.2126    0.2126    0.2126
    0.0722    0.0722    0.0722    0.0722    0.0722    0.2126    0.2126    0.2126    0.2126    0.2126    0.2126
    0.0722    0.0722    0.0722    0.0722    0.0722    0.2126    0.2126    0.2126    0.2126    0.2126    0.2126
    0.0722    0.0722    0.0722    0.0722    0.0722    0.2126    0.2126    0.2126    0.2126    0.2126    0.2126
    0.0722    0.0722    0.0722    0.0722    0.0722    0.2126    0.2126    0.2126    0.2126    0.2126    0.2126
    0.0722    0.0722    0.0722    0.0722    0.0722    0.2126    0.2126    0.2126    0.2126    0.2126    0.2126
    0.0722    0.0722    0.0722    0.0722    0.0722    0.2126    0.2126    0.2126    0.2126    0.2126    0.2126
    0.0722    0.0722    0.0722    0.0722    0.0722    0.2126    0.2126    0.2126    0.2126    0.2126    0.2126
    0.0722    0.0722    0.0722    0.0722    0.0722    0.2126    0.2126    0.2126    0.2126    0.2126    0.2126
    0.0722    0.0722    0.0722    0.0722    0.0722    0.2126    0.2126    0.2126    0.2126    0.2126    0.2126
    0.0722    0.0722    0.0722    0.0722    0.0722    0.2126    0.2126    0.2126    0.2126    0.2126    0.2126
    0.0722    0.0722    0.0722    0.0722    0.0722    0.2126    0.2126    0.2126    0.2126    0.2126    0.2126
    0.0722    0.0722    0.0722    0.0722    0.0722    0.2126    0.2126    0.2126    0.2126    0.2126    0.2126
    0.0722    0.0722    0.0722    0.0722    0.0722    0.2126    0.2126    0.2126    0.2126    0.2126    0.2126
    0.0722    0.0722    0.0722    0.0722    0.0722    0.2126    0.2126    0.2126    0.2126    0.2126    0.2126
    0.0722    0.0722    0.0722    0.0722    0.0722    0.2126    0.2126    0.2126    0.2126    0.2126    0.2126

  Columns 12 through 16

    0.7152    0.7152    0.7152    0.7152    0.7152
    0.7152    0.7152    0.7152    0.7152    0.7152
    0.7152    0.7152    0.7152    0.7152    0.7152
    0.7152    0.7152    0.7152    0.7152    0.7152
    0.7152    0.7152    0.7152    0.7152    0.7152
    0.7152    0.7152    0.7152    0.7152    0.7152
    0.7152    0.7152    0.7152    0.7152    0.7152
    0.7152    0.7152    0.7152    0.7152    0.7152
    0.7152    0.7152    0.7152    0.7152    0.7152
    0.7152    0.7152    0.7152    0.7152    0.7152
    0.7152    0.7152    0.7152    0.7152    0.7152
    0.7152    0.7152    0.7152    0.7152    0.7152
    0.7152    0.7152    0.7152    0.7152    0.7152
    0.7152    0.7152    0.7152    0.7152    0.7152
    0.7152    0.7152    0.7152    0.7152    0.7152
    0.7152    0.7152    0.7152    0.7152    0.7152


B_bmp(:,:,3) =

  Columns 1 through 11

    0.9505    0.9505    0.9505    0.9505    0.9505    0.0193    0.0193    0.0193    0.0193    0.0193    0.0193
    0.9505    0.9505    0.9505    0.9505    0.9505    0.0193    0.0193    0.0193    0.0193    0.0193    0.0193
    0.9505    0.9505    0.9505    0.9505    0.9505    0.0193    0.0193    0.0193    0.0193    0.0193    0.0193
    0.9505    0.9505    0.9505    0.9505    0.9505    0.0193    0.0193    0.0193    0.0193    0.0193    0.0193
    0.9505    0.9505    0.9505    0.9505    0.9505    0.0193    0.0193    0.0193    0.0193    0.0193    0.0193
    0.9505    0.9505    0.9505    0.9505    0.9505    0.0193    0.0193    0.0193    0.0193    0.0193    0.0193
    0.9505    0.9505    0.9505    0.9505    0.9505    0.0193    0.0193    0.0193    0.0193    0.0193    0.0193
    0.9505    0.9505    0.9505    0.9505    0.9505    0.0193    0.0193    0.0193    0.0193    0.0193    0.0193
    0.9505    0.9505    0.9505    0.9505    0.9505    0.0193    0.0193    0.0193    0.0193    0.0193    0.0193
    0.9505    0.9505    0.9505    0.9505    0.9505    0.0193    0.0193    0.0193    0.0193    0.0193    0.0193
    0.9505    0.9505    0.9505    0.9505    0.9505    0.0193    0.0193    0.0193    0.0193    0.0193    0.0193
    0.9505    0.9505    0.9505    0.9505    0.9505    0.0193    0.0193    0.0193    0.0193    0.0193    0.0193
    0.9505    0.9505    0.9505    0.9505    0.9505    0.0193    0.0193    0.0193    0.0193    0.0193    0.0193
    0.9505    0.9505    0.9505    0.9505    0.9505    0.0193    0.0193    0.0193    0.0193    0.0193    0.0193
    0.9505    0.9505    0.9505    0.9505    0.9505    0.0193    0.0193    0.0193    0.0193    0.0193    0.0193
    0.9505    0.9505    0.9505    0.9505    0.9505    0.0193    0.0193    0.0193    0.0193    0.0193    0.0193

  Columns 12 through 16

    0.1192    0.1192    0.1192    0.1192    0.1192
    0.1192    0.1192    0.1192    0.1192    0.1192
    0.1192    0.1192    0.1192    0.1192    0.1192
    0.1192    0.1192    0.1192    0.1192    0.1192
    0.1192    0.1192    0.1192    0.1192    0.1192
    0.1192    0.1192    0.1192    0.1192    0.1192
    0.1192    0.1192    0.1192    0.1192    0.1192
    0.1192    0.1192    0.1192    0.1192    0.1192
    0.1192    0.1192    0.1192    0.1192    0.1192
    0.1192    0.1192    0.1192    0.1192    0.1192
    0.1192    0.1192    0.1192    0.1192    0.1192
    0.1192    0.1192    0.1192    0.1192    0.1192
    0.1192    0.1192    0.1192    0.1192    0.1192
    0.1192    0.1192    0.1192    0.1192    0.1192
    0.1192    0.1192    0.1192    0.1192    0.1192
    0.1192    0.1192    0.1192    0.1192    0.1192


B_tif(:,:,1) =

  Columns 1 through 11

    0.1805    0.1805    0.1805    0.1805    0.1805    0.4124    0.4124    0.4124    0.4124    0.4124    0.4124
    0.1805    0.1805    0.1805    0.1805    0.1805    0.4124    0.4124    0.4124    0.4124    0.4124    0.4124
    0.1805    0.1805    0.1805    0.1805    0.1805    0.4124    0.4124    0.4124    0.4124    0.4124    0.4124
    0.1805    0.1805    0.1805    0.1805    0.1805    0.4124    0.4124    0.4124    0.4124    0.4124    0.4124
    0.1805    0.1805    0.1805    0.1805    0.1805    0.4124    0.4124    0.4124    0.4124    0.4124    0.4124
    0.1805    0.1805    0.1805    0.1805    0.1805    0.4124    0.4124    0.4124    0.4124    0.4124    0.4124
    0.1805    0.1805    0.1805    0.1805    0.1805    0.4124    0.4124    0.4124    0.4124    0.4124    0.4124
    0.1805    0.1805    0.1805    0.1805    0.1805    0.4124    0.4124    0.4124    0.4124    0.4124    0.4124
    0.1805    0.1805    0.1805    0.1805    0.1805    0.4124    0.4124    0.4124    0.4124    0.4124    0.4124
    0.1805    0.1805    0.1805    0.1805    0.1805    0.4124    0.4124    0.4124    0.4124    0.4124    0.4124
    0.1805    0.1805    0.1805    0.1805    0.1805    0.4124    0.4124    0.4124    0.4124    0.4124    0.4124
    0.1805    0.1805    0.1805    0.1805    0.1805    0.4124    0.4124    0.4124    0.4124    0.4124    0.4124
    0.1805    0.1805    0.1805    0.1805    0.1805    0.4124    0.4124    0.4124    0.4124    0.4124    0.4124
    0.1805    0.1805    0.1805    0.1805    0.1805    0.4124    0.4124    0.4124    0.4124    0.4124    0.4124
    0.1805    0.1805    0.1805    0.1805    0.1805    0.4124    0.4124    0.4124    0.4124    0.4124    0.4124
    0.1805    0.1805    0.1805    0.1805    0.1805    0.4124    0.4124    0.4124    0.4124    0.4124    0.4124

  Columns 12 through 16

    0.3576    0.3576    0.3576    0.3576    0.3576
    0.3576    0.3576    0.3576    0.3576    0.3576
    0.3576    0.3576    0.3576    0.3576    0.3576
    0.3576    0.3576    0.3576    0.3576    0.3576
    0.3576    0.3576    0.3576    0.3576    0.3576
    0.3576    0.3576    0.3576    0.3576    0.3576
    0.3576    0.3576    0.3576    0.3576    0.3576
    0.3576    0.3576    0.3576    0.3576    0.3576
    0.3576    0.3576    0.3576    0.3576    0.3576
    0.3576    0.3576    0.3576    0.3576    0.3576
    0.3576    0.3576    0.3576    0.3576    0.3576
    0.3576    0.3576    0.3576    0.3576    0.3576
    0.3576    0.3576    0.3576    0.3576    0.3576
    0.3576    0.3576    0.3576    0.3576    0.3576
    0.3576    0.3576    0.3576    0.3576    0.3576
    0.3576    0.3576    0.3576    0.3576    0.3576


B_tif(:,:,2) =

  Columns 1 through 11

    0.0722    0.0722    0.0722    0.0722    0.0722    0.2126    0.2126    0.2126    0.2126    0.2126    0.2126
    0.0722    0.0722    0.0722    0.0722    0.0722    0.2126    0.2126    0.2126    0.2126    0.2126    0.2126
    0.0722    0.0722    0.0722    0.0722    0.0722    0.2126    0.2126    0.2126    0.2126    0.2126    0.2126
    0.0722    0.0722    0.0722    0.0722    0.0722    0.2126    0.2126    0.2126    0.2126    0.2126    0.2126
    0.0722    0.0722    0.0722    0.0722    0.0722    0.2126    0.2126    0.2126    0.2126    0.2126    0.2126
    0.0722    0.0722    0.0722    0.0722    0.0722    0.2126    0.2126    0.2126    0.2126    0.2126    0.2126
    0.0722    0.0722    0.0722    0.0722    0.0722    0.2126    0.2126    0.2126    0.2126    0.2126    0.2126
    0.0722    0.0722    0.0722    0.0722    0.0722    0.2126    0.2126    0.2126    0.2126    0.2126    0.2126
    0.0722    0.0722    0.0722    0.0722    0.0722    0.2126    0.2126    0.2126    0.2126    0.2126    0.2126
    0.0722    0.0722    0.0722    0.0722    0.0722    0.2126    0.2126    0.2126    0.2126    0.2126    0.2126
    0.0722    0.0722    0.0722    0.0722    0.0722    0.2126    0.2126    0.2126    0.2126    0.2126    0.2126
    0.0722    0.0722    0.0722    0.0722    0.0722    0.2126    0.2126    0.2126    0.2126    0.2126    0.2126
    0.0722    0.0722    0.0722    0.0722    0.0722    0.2126    0.2126    0.2126    0.2126    0.2126    0.2126
    0.0722    0.0722    0.0722    0.0722    0.0722    0.2126    0.2126    0.2126    0.2126    0.2126    0.2126
    0.0722    0.0722    0.0722    0.0722    0.0722    0.2126    0.2126    0.2126    0.2126    0.2126    0.2126
    0.0722    0.0722    0.0722    0.0722    0.0722    0.2126    0.2126    0.2126    0.2126    0.2126    0.2126

  Columns 12 through 16

    0.7152    0.7152    0.7152    0.7152    0.7152
    0.7152    0.7152    0.7152    0.7152    0.7152
    0.7152    0.7152    0.7152    0.7152    0.7152
    0.7152    0.7152    0.7152    0.7152    0.7152
    0.7152    0.7152    0.7152    0.7152    0.7152
    0.7152    0.7152    0.7152    0.7152    0.7152
    0.7152    0.7152    0.7152    0.7152    0.7152
    0.7152    0.7152    0.7152    0.7152    0.7152
    0.7152    0.7152    0.7152    0.7152    0.7152
    0.7152    0.7152    0.7152    0.7152    0.7152
    0.7152    0.7152    0.7152    0.7152    0.7152
    0.7152    0.7152    0.7152    0.7152    0.7152
    0.7152    0.7152    0.7152    0.7152    0.7152
    0.7152    0.7152    0.7152    0.7152    0.7152
    0.7152    0.7152    0.7152    0.7152    0.7152
    0.7152    0.7152    0.7152    0.7152    0.7152


B_tif(:,:,3) =

  Columns 1 through 11

    0.9505    0.9505    0.9505    0.9505    0.9505    0.0193    0.0193    0.0193    0.0193    0.0193    0.0193
    0.9505    0.9505    0.9505    0.9505    0.9505    0.0193    0.0193    0.0193    0.0193    0.0193    0.0193
    0.9505    0.9505    0.9505    0.9505    0.9505    0.0193    0.0193    0.0193    0.0193    0.0193    0.0193
    0.9505    0.9505    0.9505    0.9505    0.9505    0.0193    0.0193    0.0193    0.0193    0.0193    0.0193
    0.9505    0.9505    0.9505    0.9505    0.9505    0.0193    0.0193    0.0193    0.0193    0.0193    0.0193
    0.9505    0.9505    0.9505    0.9505    0.9505    0.0193    0.0193    0.0193    0.0193    0.0193    0.0193
    0.9505    0.9505    0.9505    0.9505    0.9505    0.0193    0.0193    0.0193    0.0193    0.0193    0.0193
    0.9505    0.9505    0.9505    0.9505    0.9505    0.0193    0.0193    0.0193    0.0193    0.0193    0.0193
    0.9505    0.9505    0.9505    0.9505    0.9505    0.0193    0.0193    0.0193    0.0193    0.0193    0.0193
    0.9505    0.9505    0.9505    0.9505    0.9505    0.0193    0.0193    0.0193    0.0193    0.0193    0.0193
    0.9505    0.9505    0.9505    0.9505    0.9505    0.0193    0.0193    0.0193    0.0193    0.0193    0.0193
    0.9505    0.9505    0.9505    0.9505    0.9505    0.0193    0.0193    0.0193    0.0193    0.0193    0.0193
    0.9505    0.9505    0.9505    0.9505    0.9505    0.0193    0.0193    0.0193    0.0193    0.0193    0.0193
    0.9505    0.9505    0.9505    0.9505    0.9505    0.0193    0.0193    0.0193    0.0193    0.0193    0.0193
    0.9505    0.9505    0.9505    0.9505    0.9505    0.0193    0.0193    0.0193    0.0193    0.0193    0.0193
    0.9505    0.9505    0.9505    0.9505    0.9505    0.0193    0.0193    0.0193    0.0193    0.0193    0.0193

  Columns 12 through 16

    0.1192    0.1192    0.1192    0.1192    0.1192
    0.1192    0.1192    0.1192    0.1192    0.1192
    0.1192    0.1192    0.1192    0.1192    0.1192
    0.1192    0.1192    0.1192    0.1192    0.1192
    0.1192    0.1192    0.1192    0.1192    0.1192
    0.1192    0.1192    0.1192    0.1192    0.1192
    0.1192    0.1192    0.1192    0.1192    0.1192
    0.1192    0.1192    0.1192    0.1192    0.1192
    0.1192    0.1192    0.1192    0.1192    0.1192
    0.1192    0.1192    0.1192    0.1192    0.1192
    0.1192    0.1192    0.1192    0.1192    0.1192
    0.1192    0.1192    0.1192    0.1192    0.1192
    0.1192    0.1192    0.1192    0.1192    0.1192
    0.1192    0.1192    0.1192    0.1192    0.1192
    0.1192    0.1192    0.1192    0.1192    0.1192
    0.1192    0.1192    0.1192    0.1192    0.1192

