 ans  =
 
    1.  
 
-->B_jpeg=gaussianblur(A_jpeg,10,10,10,10)
Odd Value Required for Height. -0.031835 value was used insteadOdd Value Required for Width. -0.031835 value was used instead B_jpeg  =
 
 
       B_jpeg(1)
 
   49   49   49   49   49   49   49   49   49   49   49   49   49   49   49   49  
   54   54   54   54   54   54   54   54   54   54   54   54   54   54   54   54  
   70   70   70   70   70   70   70   70   70   70   70   70   70   70   70   70  
   91   91   91   91   91   91   91   91   91   91   91   91   91   91   91   91  
  112  112  112  112  112  112  112  112  112  112  112  112  112  112  112  112  
  125  125  125  125  125  125  125  125  125  125  125  125  125  125  125  125  
  136  136  136  136  136  136  136  136  136  136  136  136  136  136  136  136  
  141  141  141  141  141  141  141  141  141  141  141  141  141  141  141  141  
  140  140  140  140  140  140  140  140  140  140  140  140  140  140  140  140  
  137  137  137  137  137  137  137  137  137  137  137  137  137  137  137  137  
  130  130  130  130  130  130  130  130  130  130  130  130  130  130  130  130  
  113  113  113  113  113  113  113  113  113  113  113  113  113  113  113  113  
   92   92   92   92   92   92   92   92   92   92   92   92   92   92   92   92  
   72   72   72   72   72   72   72   72   72   72   72   72   72   72   72   72  
   60   60   60   60   60   60   60   60   60   60   60   60   60   60   60   60  
   52   52   52   52   52   52   52   52   52   52   52   52   52   52   52   52  
 
       B_jpeg(2)
 
    4    4    4    4    4    4    4    4    4    4    4    4    4    4    4    4  
    3    3    3    3    3    3    3    3    3    3    3    3    3    3    3    3  
    3    3    3    3    3    3    3    3    3    3    3    3    3    3    3    3  
    3    3    3    3    3    3    3    3    3    3    3    3    3    3    3    3  
    5    5    5    5    5    5    5    5    5    5    5    5    5    5    5    5  
   10   10   10   10   10   10   10   10   10   10   10   10   10   10   10   10  
   27   27   27   27   27   27   27   27   27   27   27   27   27   27   27   27  
   48   48   48   48   48   48   48   48   48   48   48   48   48   48   48   48  
   70   70   70   70   70   70   70   70   70   70   70   70   70   70   70   70  
   94   94   94   94   94   94   94   94   94   94   94   94   94   94   94   94  
  117  117  117  117  117  117  117  117  117  117  117  117  117  117  117  117  
  139  139  139  139  139  139  139  139  139  139  139  139  139  139  139  139  
  163  163  163  163  163  163  163  163  163  163  163  163  163  163  163  163  
  184  184  184  184  184  184  184  184  184  184  184  184  184  184  184  184  
  202  202  202  202  202  202  202  202  202  202  202  202  202  202  202  202  
  205  205  205  205  205  205  205  205  205  205  205  205  205  205  205  205  
 
       B_jpeg(3)
 
  201  201  201  201  201  201  201  201  201  201  201  201  201  201  201  201  
  194  194  194  194  194  194  194  194  194  194  194  194  194  194  194  194  
  182  182  182  182  182  182  182  182  182  182  182  182  182  182  182  182  
  162  162  162  162  162  162  162  162  162  162  162  162  162  162  162  162  
  138  138  138  138  138  138  138  138  138  138  138  138  138  138  138  138  
  115  115  115  115  115  115  115  115  115  115  115  115  115  115  115  115  
   94   94   94   94   94   94   94   94   94   94   94   94   94   94   94   94  
   71   71   71   71   71   71   71   71   71   71   71   71   71   71   71   71  
   48   48   48   48   48   48   48   48   48   48   48   48   48   48   48   48  
   30   30   30   30   30   30   30   30   30   30   30   30   30   30   30   30  
   18   18   18   18   18   18   18   18   18   18   18   18   18   18   18   18  
    9    9    9    9    9    9    9    9    9    9    9    9    9    9    9    9  
    5    5    5    5    5    5    5    5    5    5    5    5    5    5    5    5  
    5    5    5    5    5    5    5    5    5    5    5    5    5    5    5    5  
    8    8    8    8    8    8    8    8    8    8    8    8    8    8    8    8  
    8    8    8    8    8    8    8    8    8    8    8    8    8    8    8    8  
 
-->B_png=gaussianblur(A_png,10,10,10,10)
Odd Value Required for Height. -0.031835 value was used insteadOdd Value Required for Width. -0.031835 value was used instead B_png  =
 
 
       B_png(1)
 
  116  116  116  116  116  116  116  116  116  116  116  116  116  116  116  116  
  116  116  116  116  116  116  116  116  116  116  116  116  116  116  116  116  
  116  116  116  116  116  116  116  116  116  116  116  116  116  116  116  116  
  116  116  116  116  116  116  116  116  116  116  116  116  116  116  116  116  
  117  117  117  117  117  117  117  117  117  117  117  117  117  117  117  117  
  117  117  117  117  117  117  117  117  117  117  117  117  117  117  117  117  
  117  117  117  117  117  117  117  117  117  117  117  117  117  117  117  117  
  138  138  138  138  138  138  138  138  138  138  138  138  138  138  138  138  
  138  138  138  138  138  138  138  138  138  138  138  138  138  138  138  138  
  117  117  117  117  117  117  117  117  117  117  117  117  117  117  117  117  
  117  117  117  117  117  117  117  117  117  117  117  117  117  117  117  117  
  117  117  117  117  117  117  117  117  117  117  117  117  117  117  117  117  
  116  116  116  116  116  116  116  116  116  116  116  116  116  116  116  116  
  116  116  116  116  116  116  116  116  116  116  116  116  116  116  116  116  
  116  116  116  116  116  116  116  116  116  116  116  116  116  116  116  116  
  116  116  116  116  116  116  116  116  116  116  116  116  116  116  116  116  
 
-->B_bmp=gaussianblur(A_bmp,10,10,10,10)
Odd Value Required for Height. -0.031835 value was used insteadOdd Value Required for Width. -0.031835 value was used instead B_bmp  =
 
 
       B_bmp(1)
 
   44   44   44   44   44   44   44   44   44   44   44   44   44   44   44   44  
   45   45   45   45   45   45   45   45   45   45   45   45   45   45   45   45  
   68   68   68   68   68   68   68   68   68   68   68   68   68   68   68   68  
   92   92   92   92   92   92   92   92   92   92   92   92   92   92   92   92  
  116  116  116  116  116  116  116  116  116  116  116  116  116  116  116  116  
  139  139  139  139  139  139  139  139  139  139  139  139  139  139  139  139  
  141  141  141  141  141  141  141  141  141  141  141  141  141  141  141  141  
  142  142  142  142  142  142  142  142  142  142  142  142  142  142  142  142  
  142  142  142  142  142  142  142  142  142  142  142  142  142  142  142  142  
  141  141  141  141  141  141  141  141  141  141  141  141  141  141  141  141  
  139  139  139  139  139  139  139  139  139  139  139  139  139  139  139  139  
  116  116  116  116  116  116  116  116  116  116  116  116  116  116  116  116  
   92   92   92   92   92   92   92   92   92   92   92   92   92   92   92   92  
   68   68   68   68   68   68   68   68   68   68   68   68   68   68   68   68  
   45   45   45   45   45   45   45   45   45   45   45   45   45   45   45   45  
   44   44   44   44   44   44   44   44   44   44   44   44   44   44   44   44  
 
       B_bmp(2)
 
    0    0    0    0    0    0    0    0    0    0    0    0    0    0    0    0  
    0    0    0    0    0    0    0    0    0    0    0    0    0    0    0    0  
    0    0    0    0    0    0    0    0    0    0    0    0    0    0    0    0  
    0    0    0    0    0    0    0    0    0    0    0    0    0    0    0    0  
    0    0    0    0    0    0    0    0    0    0    0    0    0    0    0    0  
    0    0    0    0    0    0    0    0    0    0    0    0    0    0    0    0  
   22   22   22   22   22   22   22   22   22   22   22   22   22   22   22   22  
   45   45   45   45   45   45   45   45   45   45   45   45   45   45   45   45  
   68   68   68   68   68   68   68   68   68   68   68   68   68   68   68   68  
   92   92   92   92   92   92   92   92   92   92   92   92   92   92   92   92  
  116  116  116  116  116  116  116  116  116  116  116  116  116  116  116  116  
  139  139  139  139  139  139  139  139  139  139  139  139  139  139  139  139  
  163  163  163  163  163  163  163  163  163  163  163  163  163  163  163  163  
  187  187  187  187  187  187  187  187  187  187  187  187  187  187  187  187  
  210  210  210  210  210  210  210  210  210  210  210  210  210  210  210  210  
  211  211  211  211  211  211  211  211  211  211  211  211  211  211  211  211  
 
       B_bmp(3)
 
  211  211  211  211  211  211  211  211  211  211  211  211  211  211  211  211  
  210  210  210  210  210  210  210  210  210  210  210  210  210  210  210  210  
  187  187  187  187  187  187  187  187  187  187  187  187  187  187  187  187  
  163  163  163  163  163  163  163  163  163  163  163  163  163  163  163  163  
  139  139  139  139  139  139  139  139  139  139  139  139  139  139  139  139  
  116  116  116  116  116  116  116  116  116  116  116  116  116  116  116  116  
   92   92   92   92   92   92   92   92   92   92   92   92   92   92   92   92  
   68   68   68   68   68   68   68   68   68   68   68   68   68   68   68   68  
   45   45   45   45   45   45   45   45   45   45   45   45   45   45   45   45  
   22   22   22   22   22   22   22   22   22   22   22   22   22   22   22   22  
    0    0    0    0    0    0    0    0    0    0    0    0    0    0    0    0  
    0    0    0    0    0    0    0    0    0    0    0    0    0    0    0    0  
    0    0    0    0    0    0    0    0    0    0    0    0    0    0    0    0  
    0    0    0    0    0    0    0    0    0    0    0    0    0    0    0    0  
    0    0    0    0    0    0    0    0    0    0    0    0    0    0    0    0  
    0    0    0    0    0    0    0    0    0    0    0    0    0    0    0    0  
 
-->B_tif=gaussianblur(A_tif,10,10,10,10)
Odd Value Required for Height. -0.031835 value was used insteadOdd Value Required for Width. -0.031835 value was used instead B_tif  =
 
 
       B_tif(1)
 
   44   44   44   44   44   44   44   44   44   44   44   44   44   44   44   44  
   45   45   45   45   45   45   45   45   45   45   45   45   45   45   45   45  
   68   68   68   68   68   68   68   68   68   68   68   68   68   68   68   68  
   92   92   92   92   92   92   92   92   92   92   92   92   92   92   92   92  
  116  116  116  116  116  116  116  116  116  116  116  116  116  116  116  116  
  139  139  139  139  139  139  139  139  139  139  139  139  139  139  139  139  
  141  141  141  141  141  141  141  141  141  141  141  141  141  141  141  141  
  142  142  142  142  142  142  142  142  142  142  142  142  142  142  142  142  
  142  142  142  142  142  142  142  142  142  142  142  142  142  142  142  142  
  141  141  141  141  141  141  141  141  141  141  141  141  141  141  141  141  
  139  139  139  139  139  139  139  139  139  139  139  139  139  139  139  139  
  116  116  116  116  116  116  116  116  116  116  116  116  116  116  116  116  
   92   92   92   92   92   92   92   92   92   92   92   92   92   92   92   92  
   68   68   68   68   68   68   68   68   68   68   68   68   68   68   68   68  
   45   45   45   45   45   45   45   45   45   45   45   45   45   45   45   45  
   44   44   44   44   44   44   44   44   44   44   44   44   44   44   44   44  
 
       B_tif(2)
 
    0    0    0    0    0    0    0    0    0    0    0    0    0    0    0    0  
    0    0    0    0    0    0    0    0    0    0    0    0    0    0    0    0  
    0    0    0    0    0    0    0    0    0    0    0    0    0    0    0    0  
    0    0    0    0    0    0    0    0    0    0    0    0    0    0    0    0  
    0    0    0    0    0    0    0    0    0    0    0    0    0    0    0    0  
    0    0    0    0    0    0    0    0    0    0    0    0    0    0    0    0  
   22   22   22   22   22   22   22   22   22   22   22   22   22   22   22   22  
   45   45   45   45   45   45   45   45   45   45   45   45   45   45   45   45  
   68   68   68   68   68   68   68   68   68   68   68   68   68   68   68   68  
   92   92   92   92   92   92   92   92   92   92   92   92   92   92   92   92  
  116  116  116  116  116  116  116  116  116  116  116  116  116  116  116  116  
  139  139  139  139  139  139  139  139  139  139  139  139  139  139  139  139  
  163  163  163  163  163  163  163  163  163  163  163  163  163  163  163  163  
  187  187  187  187  187  187  187  187  187  187  187  187  187  187  187  187  
  210  210  210  210  210  210  210  210  210  210  210  210  210  210  210  210  
  211  211  211  211  211  211  211  211  211  211  211  211  211  211  211  211  
 
       B_tif(3)
 
  211  211  211  211  211  211  211  211  211  211  211  211  211  211  211  211  
  210  210  210  210  210  210  210  210  210  210  210  210  210  210  210  210  
  187  187  187  187  187  187  187  187  187  187  187  187  187  187  187  187  
  163  163  163  163  163  163  163  163  163  163  163  163  163  163  163  163  
  139  139  139  139  139  139  139  139  139  139  139  139  139  139  139  139  
  116  116  116  116  116  116  116  116  116  116  116  116  116  116  116  116  
   92   92   92   92   92   92   92   92   92   92   92   92   92   92   92   92  
   68   68   68   68   68   68   68   68   68   68   68   68   68   68   68   68  
   45   45   45   45   45   45   45   45   45   45   45   45   45   45   45   45  
   22   22   22   22   22   22   22   22   22   22   22   22   22   22   22   22  
    0    0    0    0    0    0    0    0    0    0    0    0    0    0    0    0  
    0    0    0    0    0    0    0    0    0    0    0    0    0    0    0    0  
    0    0    0    0    0    0    0    0    0    0    0    0    0    0    0    0  
    0    0    0    0    0    0    0    0    0    0    0    0    0    0    0    0  
    0    0    0    0    0    0    0    0    0    0    0    0    0    0    0    0  
    0    0    0    0    0    0    0    0    0    0    0    0    0    0    0    0  
 
-->diary(0)
