B_jpeg(:,:,1) =

  Columns 1 through 11

   32.3457   31.8858   32.0931   26.8022   21.0640   39.0408   47.8160   52.6194   52.8208   46.3592   33.9361
   32.3457   31.8858   32.0931   26.8022   21.0640   39.0408   47.8160   52.6194   52.8208   46.3592   33.9361
   32.3457   31.8858   32.0931   26.8022   21.0640   39.0408   47.8160   52.6194   52.8208   46.3592   33.9361
   32.3457   31.8858   32.0931   26.8022   21.0640   39.0408   47.8160   52.6194   52.8208   46.3592   33.9361
   32.3457   31.8858   32.0931   26.8022   21.0640   39.0408   47.8160   52.6194   52.8208   46.3592   33.9361
   32.3457   31.8858   32.0931   26.8022   21.0640   39.0408   47.8160   52.6194   52.8208   46.3592   33.9361
   32.3457   31.8858   32.0931   26.8022   21.0640   39.0408   47.8160   52.6194   52.8208   46.3592   33.9361
   32.3457   31.8858   32.0931   26.8022   21.0640   39.0408   47.8160   52.6194   52.8208   46.3592   33.9361
   32.3457   31.8858   32.0931   26.8022   21.0640   39.0408   47.8160   52.6194   52.8208   46.3592   33.9361
   32.3457   31.8858   32.0931   26.8022   21.0640   39.0408   47.8160   52.6194   52.8208   46.3592   33.9361
   32.3457   31.8858   32.0931   26.8022   21.0640   39.0408   47.8160   52.6194   52.8208   46.3592   33.9361
   32.3457   31.8858   32.0931   26.8022   21.0640   39.0408   47.8160   52.6194   52.8208   46.3592   33.9361
   32.3457   31.8858   32.0931   26.8022   21.0640   39.0408   47.8160   52.6194   52.8208   46.3592   33.9361
   32.3457   31.8858   32.0931   26.8022   21.0640   39.0408   47.8160   52.6194   52.8208   46.3592   33.9361
   32.3457   31.8858   32.0931   26.8022   21.0640   39.0408   47.8160   52.6194   52.8208   46.3592   33.9361
   32.3457   31.8858   32.0931   26.8022   21.0640   39.0408   47.8160   52.6194   52.8208   46.3592   33.9361

  Columns 12 through 16

   69.5269   81.4288   87.7370   87.4369   86.5184
   69.5269   81.4288   87.7370   87.4369   86.5184
   69.5269   81.4288   87.7370   87.4369   86.5184
   69.5269   81.4288   87.7370   87.4369   86.5184
   69.5269   81.4288   87.7370   87.4369   86.5184
   69.5269   81.4288   87.7370   87.4369   86.5184
   69.5269   81.4288   87.7370   87.4369   86.5184
   69.5269   81.4288   87.7370   87.4369   86.5184
   69.5269   81.4288   87.7370   87.4369   86.5184
   69.5269   81.4288   87.7370   87.4369   86.5184
   69.5269   81.4288   87.7370   87.4369   86.5184
   69.5269   81.4288   87.7370   87.4369   86.5184
   69.5269   81.4288   87.7370   87.4369   86.5184
   69.5269   81.4288   87.7370   87.4369   86.5184
   69.5269   81.4288   87.7370   87.4369   86.5184
   69.5269   81.4288   87.7370   87.4369   86.5184


B_jpeg(:,:,2) =

  Columns 1 through 11

   79.2170   78.5008   78.5888   69.3502   53.1638   63.0681   73.3988   79.4163   79.6417   67.8536   27.1033
   79.2170   78.5008   78.5888   69.3502   53.1638   63.0681   73.3988   79.4163   79.6417   67.8536   27.1033
   79.2170   78.5008   78.5888   69.3502   53.1638   63.0681   73.3988   79.4163   79.6417   67.8536   27.1033
   79.2170   78.5008   78.5888   69.3502   53.1638   63.0681   73.3988   79.4163   79.6417   67.8536   27.1033
   79.2170   78.5008   78.5888   69.3502   53.1638   63.0681   73.3988   79.4163   79.6417   67.8536   27.1033
   79.2170   78.5008   78.5888   69.3502   53.1638   63.0681   73.3988   79.4163   79.6417   67.8536   27.1033
   79.2170   78.5008   78.5888   69.3502   53.1638   63.0681   73.3988   79.4163   79.6417   67.8536   27.1033
   79.2170   78.5008   78.5888   69.3502   53.1638   63.0681   73.3988   79.4163   79.6417   67.8536   27.1033
   79.2170   78.5008   78.5888   69.3502   53.1638   63.0681   73.3988   79.4163   79.6417   67.8536   27.1033
   79.2170   78.5008   78.5888   69.3502   53.1638   63.0681   73.3988   79.4163   79.6417   67.8536   27.1033
   79.2170   78.5008   78.5888   69.3502   53.1638   63.0681   73.3988   79.4163   79.6417   67.8536   27.1033
   79.2170   78.5008   78.5888   69.3502   53.1638   63.0681   73.3988   79.4163   79.6417   67.8536   27.1033
   79.2170   78.5008   78.5888   69.3502   53.1638   63.0681   73.3988   79.4163   79.6417   67.8536   27.1033
   79.2170   78.5008   78.5888   69.3502   53.1638   63.0681   73.3988   79.4163   79.6417   67.8536   27.1033
   79.2170   78.5008   78.5888   69.3502   53.1638   63.0681   73.3988   79.4163   79.6417   67.8536   27.1033
   79.2170   78.5008   78.5888   69.3502   53.1638   63.0681   73.3988   79.4163   79.6417   67.8536   27.1033

  Columns 12 through 16

  -41.4453  -78.7064  -86.1758  -85.8209  -84.9619
  -41.4453  -78.7064  -86.1758  -85.8209  -84.9619
  -41.4453  -78.7064  -86.1758  -85.8209  -84.9619
  -41.4453  -78.7064  -86.1758  -85.8209  -84.9619
  -41.4453  -78.7064  -86.1758  -85.8209  -84.9619
  -41.4453  -78.7064  -86.1758  -85.8209  -84.9619
  -41.4453  -78.7064  -86.1758  -85.8209  -84.9619
  -41.4453  -78.7064  -86.1758  -85.8209  -84.9619
  -41.4453  -78.7064  -86.1758  -85.8209  -84.9619
  -41.4453  -78.7064  -86.1758  -85.8209  -84.9619
  -41.4453  -78.7064  -86.1758  -85.8209  -84.9619
  -41.4453  -78.7064  -86.1758  -85.8209  -84.9619
  -41.4453  -78.7064  -86.1758  -85.8209  -84.9619
  -41.4453  -78.7064  -86.1758  -85.8209  -84.9619
  -41.4453  -78.7064  -86.1758  -85.8209  -84.9619
  -41.4453  -78.7064  -86.1758  -85.8209  -84.9619


B_jpeg(:,:,3) =

  Columns 1 through 11

 -107.7864 -106.8714 -107.0864  -93.0898  -56.7553  -10.6738   45.1985   66.1054   66.8211   59.8960   44.6450
 -107.7864 -106.8714 -107.0864  -93.0898  -56.7553  -10.6738   45.1985   66.1054   66.8211   59.8960   44.6450
 -107.7864 -106.8714 -107.0864  -93.0898  -56.7553  -10.6738   45.1985   66.1054   66.8211   59.8960   44.6450
 -107.7864 -106.8714 -107.0864  -93.0898  -56.7553  -10.6738   45.1985   66.1054   66.8211   59.8960   44.6450
 -107.7864 -106.8714 -107.0864  -93.0898  -56.7553  -10.6738   45.1985   66.1054   66.8211   59.8960   44.6450
 -107.7864 -106.8714 -107.0864  -93.0898  -56.7553  -10.6738   45.1985   66.1054   66.8211   59.8960   44.6450
 -107.7864 -106.8714 -107.0864  -93.0898  -56.7553  -10.6738   45.1985   66.1054   66.8211   59.8960   44.6450
 -107.7864 -106.8714 -107.0864  -93.0898  -56.7553  -10.6738   45.1985   66.1054   66.8211   59.8960   44.6450
 -107.7864 -106.8714 -107.0864  -93.0898  -56.7553  -10.6738   45.1985   66.1054   66.8211   59.8960   44.6450
 -107.7864 -106.8714 -107.0864  -93.0898  -56.7553  -10.6738   45.1985   66.1054   66.8211   59.8960   44.6450
 -107.7864 -106.8714 -107.0864  -93.0898  -56.7553  -10.6738   45.1985   66.1054   66.8211   59.8960   44.6450
 -107.7864 -106.8714 -107.0864  -93.0898  -56.7553  -10.6738   45.1985   66.1054   66.8211   59.8960   44.6450
 -107.7864 -106.8714 -107.0864  -93.0898  -56.7553  -10.6738   45.1985   66.1054   66.8211   59.8960   44.6450
 -107.7864 -106.8714 -107.0864  -93.0898  -56.7553  -10.6738   45.1985   66.1054   66.8211   59.8960   44.6450
 -107.7864 -106.8714 -107.0864  -93.0898  -56.7553  -10.6738   45.1985   66.1054   66.8211   59.8960   44.6450
 -107.7864 -106.8714 -107.0864  -93.0898  -56.7553  -10.6738   45.1985   66.1054   66.8211   59.8960   44.6450

  Columns 12 through 16

   64.7589   77.7847   83.1832   82.5621   81.6669
   64.7589   77.7847   83.1832   82.5621   81.6669
   64.7589   77.7847   83.1832   82.5621   81.6669
   64.7589   77.7847   83.1832   82.5621   81.6669
   64.7589   77.7847   83.1832   82.5621   81.6669
   64.7589   77.7847   83.1832   82.5621   81.6669
   64.7589   77.7847   83.1832   82.5621   81.6669
   64.7589   77.7847   83.1832   82.5621   81.6669
   64.7589   77.7847   83.1832   82.5621   81.6669
   64.7589   77.7847   83.1832   82.5621   81.6669
   64.7589   77.7847   83.1832   82.5621   81.6669
   64.7589   77.7847   83.1832   82.5621   81.6669
   64.7589   77.7847   83.1832   82.5621   81.6669
   64.7589   77.7847   83.1832   82.5621   81.6669
   64.7589   77.7847   83.1832   82.5621   81.6669
   64.7589   77.7847   83.1832   82.5621   81.6669


A_png(:,:,1) =

     0     0     0     0     0   255   255   255   255   255   255     0     0     0     0     0
     0     0     0     0     0   255   255   255   255   255   255     0     0     0     0     0
     0     0     0     0     0   255   255   255   255   255   255     0     0     0     0     0
     0     0     0     0     0   255   255   255   255   255   255     0     0     0     0     0
     0     0     0     0     0   255   255   255   255   255   255     0     0     0     0     0
     0     0     0     0     0   255   255   255   255   255   255     0     0     0     0     0
     0     0     0     0     0   255   255   255   255   255   255     0     0     0     0     0
     0     0     0     0     0   255   255   255   255   255   255     0     0     0     0     0
     0     0     0     0     0   255   255   255   255   255   255     0     0     0     0     0
     0     0     0     0     0   255   255   255   255   255   255     0     0     0     0     0
     0     0     0     0     0   255   255   255   255   255   255     0     0     0     0     0
     0     0     0     0     0   255   255   255   255   255   255     0     0     0     0     0
     0     0     0     0     0   255   255   255   255   255   255     0     0     0     0     0
     0     0     0     0     0   255   255   255   255   255   255     0     0     0     0     0
     0     0     0     0     0   255   255   255   255   255   255     0     0     0     0     0
     0     0     0     0     0   255   255   255   255   255   255     0     0     0     0     0


A_png(:,:,2) =

     0     0     0     0     0     0     0     0     0     0     0   255   255   255   255   255
     0     0     0     0     0     0     0     0     0     0     0   255   255   255   255   255
     0     0     0     0     0     0     0     0     0     0     0   255   255   255   255   255
     0     0     0     0     0     0     0     0     0     0     0   255   255   255   255   255
     0     0     0     0     0     0     0     0     0     0     0   255   255   255   255   255
     0     0     0     0     0     0     0     0     0     0     0   255   255   255   255   255
     0     0     0     0     0     0     0     0     0     0     0   255   255   255   255   255
     0     0     0     0     0     0     0     0     0     0     0   255   255   255   255   255
     0     0     0     0     0     0     0     0     0     0     0   255   255   255   255   255
     0     0     0     0     0     0     0     0     0     0     0   255   255   255   255   255
     0     0     0     0     0     0     0     0     0     0     0   255   255   255   255   255
     0     0     0     0     0     0     0     0     0     0     0   255   255   255   255   255
     0     0     0     0     0     0     0     0     0     0     0   255   255   255   255   255
     0     0     0     0     0     0     0     0     0     0     0   255   255   255   255   255
     0     0     0     0     0     0     0     0     0     0     0   255   255   255   255   255
     0     0     0     0     0     0     0     0     0     0     0   255   255   255   255   255


A_png(:,:,3) =

   255   255   255   255   255     0     0     0     0     0     0     0     0     0     0     0
   255   255   255   255   255     0     0     0     0     0     0     0     0     0     0     0
   255   255   255   255   255     0     0     0     0     0     0     0     0     0     0     0
   255   255   255   255   255     0     0     0     0     0     0     0     0     0     0     0
   255   255   255   255   255     0     0     0     0     0     0     0     0     0     0     0
   255   255   255   255   255     0     0     0     0     0     0     0     0     0     0     0
   255   255   255   255   255     0     0     0     0     0     0     0     0     0     0     0
   255   255   255   255   255     0     0     0     0     0     0     0     0     0     0     0
   255   255   255   255   255     0     0     0     0     0     0     0     0     0     0     0
   255   255   255   255   255     0     0     0     0     0     0     0     0     0     0     0
   255   255   255   255   255     0     0     0     0     0     0     0     0     0     0     0
   255   255   255   255   255     0     0     0     0     0     0     0     0     0     0     0
   255   255   255   255   255     0     0     0     0     0     0     0     0     0     0     0
   255   255   255   255   255     0     0     0     0     0     0     0     0     0     0     0
   255   255   255   255   255     0     0     0     0     0     0     0     0     0     0     0
   255   255   255   255   255     0     0     0     0     0     0     0     0     0     0     0


B_png(:,:,1) =

   1.0e+03 *

  Columns 1 through 11

    3.8805    3.8805    3.8805    3.8805    3.8805    5.5689    5.5689    5.5689    5.5689    5.5689    5.5689
    3.8805    3.8805    3.8805    3.8805    3.8805    5.5689    5.5689    5.5689    5.5689    5.5689    5.5689
    3.8805    3.8805    3.8805    3.8805    3.8805    5.5689    5.5689    5.5689    5.5689    5.5689    5.5689
    3.8805    3.8805    3.8805    3.8805    3.8805    5.5689    5.5689    5.5689    5.5689    5.5689    5.5689
    3.8805    3.8805    3.8805    3.8805    3.8805    5.5689    5.5689    5.5689    5.5689    5.5689    5.5689
    3.8805    3.8805    3.8805    3.8805    3.8805    5.5689    5.5689    5.5689    5.5689    5.5689    5.5689
    3.8805    3.8805    3.8805    3.8805    3.8805    5.5689    5.5689    5.5689    5.5689    5.5689    5.5689
    3.8805    3.8805    3.8805    3.8805    3.8805    5.5689    5.5689    5.5689    5.5689    5.5689    5.5689
    3.8805    3.8805    3.8805    3.8805    3.8805    5.5689    5.5689    5.5689    5.5689    5.5689    5.5689
    3.8805    3.8805    3.8805    3.8805    3.8805    5.5689    5.5689    5.5689    5.5689    5.5689    5.5689
    3.8805    3.8805    3.8805    3.8805    3.8805    5.5689    5.5689    5.5689    5.5689    5.5689    5.5689
    3.8805    3.8805    3.8805    3.8805    3.8805    5.5689    5.5689    5.5689    5.5689    5.5689    5.5689
    3.8805    3.8805    3.8805    3.8805    3.8805    5.5689    5.5689    5.5689    5.5689    5.5689    5.5689
    3.8805    3.8805    3.8805    3.8805    3.8805    5.5689    5.5689    5.5689    5.5689    5.5689    5.5689
    3.8805    3.8805    3.8805    3.8805    3.8805    5.5689    5.5689    5.5689    5.5689    5.5689    5.5689
    3.8805    3.8805    3.8805    3.8805    3.8805    5.5689    5.5689    5.5689    5.5689    5.5689    5.5689

  Columns 12 through 16

    8.3523    8.3523    8.3523    8.3523    8.3523
    8.3523    8.3523    8.3523    8.3523    8.3523
    8.3523    8.3523    8.3523    8.3523    8.3523
    8.3523    8.3523    8.3523    8.3523    8.3523
    8.3523    8.3523    8.3523    8.3523    8.3523
    8.3523    8.3523    8.3523    8.3523    8.3523
    8.3523    8.3523    8.3523    8.3523    8.3523
    8.3523    8.3523    8.3523    8.3523    8.3523
    8.3523    8.3523    8.3523    8.3523    8.3523
    8.3523    8.3523    8.3523    8.3523    8.3523
    8.3523    8.3523    8.3523    8.3523    8.3523
    8.3523    8.3523    8.3523    8.3523    8.3523
    8.3523    8.3523    8.3523    8.3523    8.3523
    8.3523    8.3523    8.3523    8.3523    8.3523
    8.3523    8.3523    8.3523    8.3523    8.3523
    8.3523    8.3523    8.3523    8.3523    8.3523


B_png(:,:,2) =

   1.0e+03 *

  Columns 1 through 11

    6.3893    6.3893    6.3893    6.3893    6.3893    6.4631    6.4631    6.4631    6.4631    6.4631    6.4631
    6.3893    6.3893    6.3893    6.3893    6.3893    6.4631    6.4631    6.4631    6.4631    6.4631    6.4631
    6.3893    6.3893    6.3893    6.3893    6.3893    6.4631    6.4631    6.4631    6.4631    6.4631    6.4631
    6.3893    6.3893    6.3893    6.3893    6.3893    6.4631    6.4631    6.4631    6.4631    6.4631    6.4631
    6.3893    6.3893    6.3893    6.3893    6.3893    6.4631    6.4631    6.4631    6.4631    6.4631    6.4631
    6.3893    6.3893    6.3893    6.3893    6.3893    6.4631    6.4631    6.4631    6.4631    6.4631    6.4631
    6.3893    6.3893    6.3893    6.3893    6.3893    6.4631    6.4631    6.4631    6.4631    6.4631    6.4631
    6.3893    6.3893    6.3893    6.3893    6.3893    6.4631    6.4631    6.4631    6.4631    6.4631    6.4631
    6.3893    6.3893    6.3893    6.3893    6.3893    6.4631    6.4631    6.4631    6.4631    6.4631    6.4631
    6.3893    6.3893    6.3893    6.3893    6.3893    6.4631    6.4631    6.4631    6.4631    6.4631    6.4631
    6.3893    6.3893    6.3893    6.3893    6.3893    6.4631    6.4631    6.4631    6.4631    6.4631    6.4631
    6.3893    6.3893    6.3893    6.3893    6.3893    6.4631    6.4631    6.4631    6.4631    6.4631    6.4631
    6.3893    6.3893    6.3893    6.3893    6.3893    6.4631    6.4631    6.4631    6.4631    6.4631    6.4631
    6.3893    6.3893    6.3893    6.3893    6.3893    6.4631    6.4631    6.4631    6.4631    6.4631    6.4631
    6.3893    6.3893    6.3893    6.3893    6.3893    6.4631    6.4631    6.4631    6.4631    6.4631    6.4631
    6.3893    6.3893    6.3893    6.3893    6.3893    6.4631    6.4631    6.4631    6.4631    6.4631    6.4631

  Columns 12 through 16

   -6.9517   -6.9517   -6.9517   -6.9517   -6.9517
   -6.9517   -6.9517   -6.9517   -6.9517   -6.9517
   -6.9517   -6.9517   -6.9517   -6.9517   -6.9517
   -6.9517   -6.9517   -6.9517   -6.9517   -6.9517
   -6.9517   -6.9517   -6.9517   -6.9517   -6.9517
   -6.9517   -6.9517   -6.9517   -6.9517   -6.9517
   -6.9517   -6.9517   -6.9517   -6.9517   -6.9517
   -6.9517   -6.9517   -6.9517   -6.9517   -6.9517
   -6.9517   -6.9517   -6.9517   -6.9517   -6.9517
   -6.9517   -6.9517   -6.9517   -6.9517   -6.9517
   -6.9517   -6.9517   -6.9517   -6.9517   -6.9517
   -6.9517   -6.9517   -6.9517   -6.9517   -6.9517
   -6.9517   -6.9517   -6.9517   -6.9517   -6.9517
   -6.9517   -6.9517   -6.9517   -6.9517   -6.9517
   -6.9517   -6.9517   -6.9517   -6.9517   -6.9517
   -6.9517   -6.9517   -6.9517   -6.9517   -6.9517


B_png(:,:,3) =

   1.0e+03 *

  Columns 1 through 11

   -8.7009   -8.7009   -8.7009   -8.7009   -8.7009    5.4226    5.4226    5.4226    5.4226    5.4226    5.4226
   -8.7009   -8.7009   -8.7009   -8.7009   -8.7009    5.4226    5.4226    5.4226    5.4226    5.4226    5.4226
   -8.7009   -8.7009   -8.7009   -8.7009   -8.7009    5.4226    5.4226    5.4226    5.4226    5.4226    5.4226
   -8.7009   -8.7009   -8.7009   -8.7009   -8.7009    5.4226    5.4226    5.4226    5.4226    5.4226    5.4226
   -8.7009   -8.7009   -8.7009   -8.7009   -8.7009    5.4226    5.4226    5.4226    5.4226    5.4226    5.4226
   -8.7009   -8.7009   -8.7009   -8.7009   -8.7009    5.4226    5.4226    5.4226    5.4226    5.4226    5.4226
   -8.7009   -8.7009   -8.7009   -8.7009   -8.7009    5.4226    5.4226    5.4226    5.4226    5.4226    5.4226
   -8.7009   -8.7009   -8.7009   -8.7009   -8.7009    5.4226    5.4226    5.4226    5.4226    5.4226    5.4226
   -8.7009   -8.7009   -8.7009   -8.7009   -8.7009    5.4226    5.4226    5.4226    5.4226    5.4226    5.4226
   -8.7009   -8.7009   -8.7009   -8.7009   -8.7009    5.4226    5.4226    5.4226    5.4226    5.4226    5.4226
   -8.7009   -8.7009   -8.7009   -8.7009   -8.7009    5.4226    5.4226    5.4226    5.4226    5.4226    5.4226
   -8.7009   -8.7009   -8.7009   -8.7009   -8.7009    5.4226    5.4226    5.4226    5.4226    5.4226    5.4226
   -8.7009   -8.7009   -8.7009   -8.7009   -8.7009    5.4226    5.4226    5.4226    5.4226    5.4226    5.4226
   -8.7009   -8.7009   -8.7009   -8.7009   -8.7009    5.4226    5.4226    5.4226    5.4226    5.4226    5.4226
   -8.7009   -8.7009   -8.7009   -8.7009   -8.7009    5.4226    5.4226    5.4226    5.4226    5.4226    5.4226
   -8.7009   -8.7009   -8.7009   -8.7009   -8.7009    5.4226    5.4226    5.4226    5.4226    5.4226    5.4226

  Columns 12 through 16

    6.7103    6.7103    6.7103    6.7103    6.7103
    6.7103    6.7103    6.7103    6.7103    6.7103
    6.7103    6.7103    6.7103    6.7103    6.7103
    6.7103    6.7103    6.7103    6.7103    6.7103
    6.7103    6.7103    6.7103    6.7103    6.7103
    6.7103    6.7103    6.7103    6.7103    6.7103
    6.7103    6.7103    6.7103    6.7103    6.7103
    6.7103    6.7103    6.7103    6.7103    6.7103
    6.7103    6.7103    6.7103    6.7103    6.7103
    6.7103    6.7103    6.7103    6.7103    6.7103
    6.7103    6.7103    6.7103    6.7103    6.7103
    6.7103    6.7103    6.7103    6.7103    6.7103
    6.7103    6.7103    6.7103    6.7103    6.7103
    6.7103    6.7103    6.7103    6.7103    6.7103
    6.7103    6.7103    6.7103    6.7103    6.7103
    6.7103    6.7103    6.7103    6.7103    6.7103


B_bmp(:,:,1) =

  Columns 1 through 11

   32.3026   32.3026   32.3026   32.3026   32.3026   53.2329   53.2329   53.2329   53.2329   53.2329   53.2329
   32.3026   32.3026   32.3026   32.3026   32.3026   53.2329   53.2329   53.2329   53.2329   53.2329   53.2329
   32.3026   32.3026   32.3026   32.3026   32.3026   53.2329   53.2329   53.2329   53.2329   53.2329   53.2329
   32.3026   32.3026   32.3026   32.3026   32.3026   53.2329   53.2329   53.2329   53.2329   53.2329   53.2329
   32.3026   32.3026   32.3026   32.3026   32.3026   53.2329   53.2329   53.2329   53.2329   53.2329   53.2329
   32.3026   32.3026   32.3026   32.3026   32.3026   53.2329   53.2329   53.2329   53.2329   53.2329   53.2329
   32.3026   32.3026   32.3026   32.3026   32.3026   53.2329   53.2329   53.2329   53.2329   53.2329   53.2329
   32.3026   32.3026   32.3026   32.3026   32.3026   53.2329   53.2329   53.2329   53.2329   53.2329   53.2329
   32.3026   32.3026   32.3026   32.3026   32.3026   53.2329   53.2329   53.2329   53.2329   53.2329   53.2329
   32.3026   32.3026   32.3026   32.3026   32.3026   53.2329   53.2329   53.2329   53.2329   53.2329   53.2329
   32.3026   32.3026   32.3026   32.3026   32.3026   53.2329   53.2329   53.2329   53.2329   53.2329   53.2329
   32.3026   32.3026   32.3026   32.3026   32.3026   53.2329   53.2329   53.2329   53.2329   53.2329   53.2329
   32.3026   32.3026   32.3026   32.3026   32.3026   53.2329   53.2329   53.2329   53.2329   53.2329   53.2329
   32.3026   32.3026   32.3026   32.3026   32.3026   53.2329   53.2329   53.2329   53.2329   53.2329   53.2329
   32.3026   32.3026   32.3026   32.3026   32.3026   53.2329   53.2329   53.2329   53.2329   53.2329   53.2329
   32.3026   32.3026   32.3026   32.3026   32.3026   53.2329   53.2329   53.2329   53.2329   53.2329   53.2329

  Columns 12 through 16

   87.7370   87.7370   87.7370   87.7370   87.7370
   87.7370   87.7370   87.7370   87.7370   87.7370
   87.7370   87.7370   87.7370   87.7370   87.7370
   87.7370   87.7370   87.7370   87.7370   87.7370
   87.7370   87.7370   87.7370   87.7370   87.7370
   87.7370   87.7370   87.7370   87.7370   87.7370
   87.7370   87.7370   87.7370   87.7370   87.7370
   87.7370   87.7370   87.7370   87.7370   87.7370
   87.7370   87.7370   87.7370   87.7370   87.7370
   87.7370   87.7370   87.7370   87.7370   87.7370
   87.7370   87.7370   87.7370   87.7370   87.7370
   87.7370   87.7370   87.7370   87.7370   87.7370
   87.7370   87.7370   87.7370   87.7370   87.7370
   87.7370   87.7370   87.7370   87.7370   87.7370
   87.7370   87.7370   87.7370   87.7370   87.7370
   87.7370   87.7370   87.7370   87.7370   87.7370


B_bmp(:,:,2) =

  Columns 1 through 11

   79.2037   79.2037   79.2037   79.2037   79.2037   80.1186   80.1186   80.1186   80.1186   80.1186   80.1186
   79.2037   79.2037   79.2037   79.2037   79.2037   80.1186   80.1186   80.1186   80.1186   80.1186   80.1186
   79.2037   79.2037   79.2037   79.2037   79.2037   80.1186   80.1186   80.1186   80.1186   80.1186   80.1186
   79.2037   79.2037   79.2037   79.2037   79.2037   80.1186   80.1186   80.1186   80.1186   80.1186   80.1186
   79.2037   79.2037   79.2037   79.2037   79.2037   80.1186   80.1186   80.1186   80.1186   80.1186   80.1186
   79.2037   79.2037   79.2037   79.2037   79.2037   80.1186   80.1186   80.1186   80.1186   80.1186   80.1186
   79.2037   79.2037   79.2037   79.2037   79.2037   80.1186   80.1186   80.1186   80.1186   80.1186   80.1186
   79.2037   79.2037   79.2037   79.2037   79.2037   80.1186   80.1186   80.1186   80.1186   80.1186   80.1186
   79.2037   79.2037   79.2037   79.2037   79.2037   80.1186   80.1186   80.1186   80.1186   80.1186   80.1186
   79.2037   79.2037   79.2037   79.2037   79.2037   80.1186   80.1186   80.1186   80.1186   80.1186   80.1186
   79.2037   79.2037   79.2037   79.2037   79.2037   80.1186   80.1186   80.1186   80.1186   80.1186   80.1186
   79.2037   79.2037   79.2037   79.2037   79.2037   80.1186   80.1186   80.1186   80.1186   80.1186   80.1186
   79.2037   79.2037   79.2037   79.2037   79.2037   80.1186   80.1186   80.1186   80.1186   80.1186   80.1186
   79.2037   79.2037   79.2037   79.2037   79.2037   80.1186   80.1186   80.1186   80.1186   80.1186   80.1186
   79.2037   79.2037   79.2037   79.2037   79.2037   80.1186   80.1186   80.1186   80.1186   80.1186   80.1186
   79.2037   79.2037   79.2037   79.2037   79.2037   80.1186   80.1186   80.1186   80.1186   80.1186   80.1186

  Columns 12 through 16

  -86.1758  -86.1758  -86.1758  -86.1758  -86.1758
  -86.1758  -86.1758  -86.1758  -86.1758  -86.1758
  -86.1758  -86.1758  -86.1758  -86.1758  -86.1758
  -86.1758  -86.1758  -86.1758  -86.1758  -86.1758
  -86.1758  -86.1758  -86.1758  -86.1758  -86.1758
  -86.1758  -86.1758  -86.1758  -86.1758  -86.1758
  -86.1758  -86.1758  -86.1758  -86.1758  -86.1758
  -86.1758  -86.1758  -86.1758  -86.1758  -86.1758
  -86.1758  -86.1758  -86.1758  -86.1758  -86.1758
  -86.1758  -86.1758  -86.1758  -86.1758  -86.1758
  -86.1758  -86.1758  -86.1758  -86.1758  -86.1758
  -86.1758  -86.1758  -86.1758  -86.1758  -86.1758
  -86.1758  -86.1758  -86.1758  -86.1758  -86.1758
  -86.1758  -86.1758  -86.1758  -86.1758  -86.1758
  -86.1758  -86.1758  -86.1758  -86.1758  -86.1758
  -86.1758  -86.1758  -86.1758  -86.1758  -86.1758


B_bmp(:,:,3) =

  Columns 1 through 11

 -107.8596 -107.8596 -107.8596 -107.8596 -107.8596   67.2212   67.2212   67.2212   67.2212   67.2212   67.2212
 -107.8596 -107.8596 -107.8596 -107.8596 -107.8596   67.2212   67.2212   67.2212   67.2212   67.2212   67.2212
 -107.8596 -107.8596 -107.8596 -107.8596 -107.8596   67.2212   67.2212   67.2212   67.2212   67.2212   67.2212
 -107.8596 -107.8596 -107.8596 -107.8596 -107.8596   67.2212   67.2212   67.2212   67.2212   67.2212   67.2212
 -107.8596 -107.8596 -107.8596 -107.8596 -107.8596   67.2212   67.2212   67.2212   67.2212   67.2212   67.2212
 -107.8596 -107.8596 -107.8596 -107.8596 -107.8596   67.2212   67.2212   67.2212   67.2212   67.2212   67.2212
 -107.8596 -107.8596 -107.8596 -107.8596 -107.8596   67.2212   67.2212   67.2212   67.2212   67.2212   67.2212
 -107.8596 -107.8596 -107.8596 -107.8596 -107.8596   67.2212   67.2212   67.2212   67.2212   67.2212   67.2212
 -107.8596 -107.8596 -107.8596 -107.8596 -107.8596   67.2212   67.2212   67.2212   67.2212   67.2212   67.2212
 -107.8596 -107.8596 -107.8596 -107.8596 -107.8596   67.2212   67.2212   67.2212   67.2212   67.2212   67.2212
 -107.8596 -107.8596 -107.8596 -107.8596 -107.8596   67.2212   67.2212   67.2212   67.2212   67.2212   67.2212
 -107.8596 -107.8596 -107.8596 -107.8596 -107.8596   67.2212   67.2212   67.2212   67.2212   67.2212   67.2212
 -107.8596 -107.8596 -107.8596 -107.8596 -107.8596   67.2212   67.2212   67.2212   67.2212   67.2212   67.2212
 -107.8596 -107.8596 -107.8596 -107.8596 -107.8596   67.2212   67.2212   67.2212   67.2212   67.2212   67.2212
 -107.8596 -107.8596 -107.8596 -107.8596 -107.8596   67.2212   67.2212   67.2212   67.2212   67.2212   67.2212
 -107.8596 -107.8596 -107.8596 -107.8596 -107.8596   67.2212   67.2212   67.2212   67.2212   67.2212   67.2212

  Columns 12 through 16

   83.1832   83.1832   83.1832   83.1832   83.1832
   83.1832   83.1832   83.1832   83.1832   83.1832
   83.1832   83.1832   83.1832   83.1832   83.1832
   83.1832   83.1832   83.1832   83.1832   83.1832
   83.1832   83.1832   83.1832   83.1832   83.1832
   83.1832   83.1832   83.1832   83.1832   83.1832
   83.1832   83.1832   83.1832   83.1832   83.1832
   83.1832   83.1832   83.1832   83.1832   83.1832
   83.1832   83.1832   83.1832   83.1832   83.1832
   83.1832   83.1832   83.1832   83.1832   83.1832
   83.1832   83.1832   83.1832   83.1832   83.1832
   83.1832   83.1832   83.1832   83.1832   83.1832
   83.1832   83.1832   83.1832   83.1832   83.1832
   83.1832   83.1832   83.1832   83.1832   83.1832
   83.1832   83.1832   83.1832   83.1832   83.1832
   83.1832   83.1832   83.1832   83.1832   83.1832


B_tif(:,:,1) =

  Columns 1 through 11

   32.3026   32.3026   32.3026   32.3026   32.3026   53.2329   53.2329   53.2329   53.2329   53.2329   53.2329
   32.3026   32.3026   32.3026   32.3026   32.3026   53.2329   53.2329   53.2329   53.2329   53.2329   53.2329
   32.3026   32.3026   32.3026   32.3026   32.3026   53.2329   53.2329   53.2329   53.2329   53.2329   53.2329
   32.3026   32.3026   32.3026   32.3026   32.3026   53.2329   53.2329   53.2329   53.2329   53.2329   53.2329
   32.3026   32.3026   32.3026   32.3026   32.3026   53.2329   53.2329   53.2329   53.2329   53.2329   53.2329
   32.3026   32.3026   32.3026   32.3026   32.3026   53.2329   53.2329   53.2329   53.2329   53.2329   53.2329
   32.3026   32.3026   32.3026   32.3026   32.3026   53.2329   53.2329   53.2329   53.2329   53.2329   53.2329
   32.3026   32.3026   32.3026   32.3026   32.3026   53.2329   53.2329   53.2329   53.2329   53.2329   53.2329
   32.3026   32.3026   32.3026   32.3026   32.3026   53.2329   53.2329   53.2329   53.2329   53.2329   53.2329
   32.3026   32.3026   32.3026   32.3026   32.3026   53.2329   53.2329   53.2329   53.2329   53.2329   53.2329
   32.3026   32.3026   32.3026   32.3026   32.3026   53.2329   53.2329   53.2329   53.2329   53.2329   53.2329
   32.3026   32.3026   32.3026   32.3026   32.3026   53.2329   53.2329   53.2329   53.2329   53.2329   53.2329
   32.3026   32.3026   32.3026   32.3026   32.3026   53.2329   53.2329   53.2329   53.2329   53.2329   53.2329
   32.3026   32.3026   32.3026   32.3026   32.3026   53.2329   53.2329   53.2329   53.2329   53.2329   53.2329
   32.3026   32.3026   32.3026   32.3026   32.3026   53.2329   53.2329   53.2329   53.2329   53.2329   53.2329
   32.3026   32.3026   32.3026   32.3026   32.3026   53.2329   53.2329   53.2329   53.2329   53.2329   53.2329

  Columns 12 through 16

   87.7370   87.7370   87.7370   87.7370   87.7370
   87.7370   87.7370   87.7370   87.7370   87.7370
   87.7370   87.7370   87.7370   87.7370   87.7370
   87.7370   87.7370   87.7370   87.7370   87.7370
   87.7370   87.7370   87.7370   87.7370   87.7370
   87.7370   87.7370   87.7370   87.7370   87.7370
   87.7370   87.7370   87.7370   87.7370   87.7370
   87.7370   87.7370   87.7370   87.7370   87.7370
   87.7370   87.7370   87.7370   87.7370   87.7370
   87.7370   87.7370   87.7370   87.7370   87.7370
   87.7370   87.7370   87.7370   87.7370   87.7370
   87.7370   87.7370   87.7370   87.7370   87.7370
   87.7370   87.7370   87.7370   87.7370   87.7370
   87.7370   87.7370   87.7370   87.7370   87.7370
   87.7370   87.7370   87.7370   87.7370   87.7370
   87.7370   87.7370   87.7370   87.7370   87.7370


B_tif(:,:,2) =

  Columns 1 through 11

   79.2037   79.2037   79.2037   79.2037   79.2037   80.1186   80.1186   80.1186   80.1186   80.1186   80.1186
   79.2037   79.2037   79.2037   79.2037   79.2037   80.1186   80.1186   80.1186   80.1186   80.1186   80.1186
   79.2037   79.2037   79.2037   79.2037   79.2037   80.1186   80.1186   80.1186   80.1186   80.1186   80.1186
   79.2037   79.2037   79.2037   79.2037   79.2037   80.1186   80.1186   80.1186   80.1186   80.1186   80.1186
   79.2037   79.2037   79.2037   79.2037   79.2037   80.1186   80.1186   80.1186   80.1186   80.1186   80.1186
   79.2037   79.2037   79.2037   79.2037   79.2037   80.1186   80.1186   80.1186   80.1186   80.1186   80.1186
   79.2037   79.2037   79.2037   79.2037   79.2037   80.1186   80.1186   80.1186   80.1186   80.1186   80.1186
   79.2037   79.2037   79.2037   79.2037   79.2037   80.1186   80.1186   80.1186   80.1186   80.1186   80.1186
   79.2037   79.2037   79.2037   79.2037   79.2037   80.1186   80.1186   80.1186   80.1186   80.1186   80.1186
   79.2037   79.2037   79.2037   79.2037   79.2037   80.1186   80.1186   80.1186   80.1186   80.1186   80.1186
   79.2037   79.2037   79.2037   79.2037   79.2037   80.1186   80.1186   80.1186   80.1186   80.1186   80.1186
   79.2037   79.2037   79.2037   79.2037   79.2037   80.1186   80.1186   80.1186   80.1186   80.1186   80.1186
   79.2037   79.2037   79.2037   79.2037   79.2037   80.1186   80.1186   80.1186   80.1186   80.1186   80.1186
   79.2037   79.2037   79.2037   79.2037   79.2037   80.1186   80.1186   80.1186   80.1186   80.1186   80.1186
   79.2037   79.2037   79.2037   79.2037   79.2037   80.1186   80.1186   80.1186   80.1186   80.1186   80.1186
   79.2037   79.2037   79.2037   79.2037   79.2037   80.1186   80.1186   80.1186   80.1186   80.1186   80.1186

  Columns 12 through 16

  -86.1758  -86.1758  -86.1758  -86.1758  -86.1758
  -86.1758  -86.1758  -86.1758  -86.1758  -86.1758
  -86.1758  -86.1758  -86.1758  -86.1758  -86.1758
  -86.1758  -86.1758  -86.1758  -86.1758  -86.1758
  -86.1758  -86.1758  -86.1758  -86.1758  -86.1758
  -86.1758  -86.1758  -86.1758  -86.1758  -86.1758
  -86.1758  -86.1758  -86.1758  -86.1758  -86.1758
  -86.1758  -86.1758  -86.1758  -86.1758  -86.1758
  -86.1758  -86.1758  -86.1758  -86.1758  -86.1758
  -86.1758  -86.1758  -86.1758  -86.1758  -86.1758
  -86.1758  -86.1758  -86.1758  -86.1758  -86.1758
  -86.1758  -86.1758  -86.1758  -86.1758  -86.1758
  -86.1758  -86.1758  -86.1758  -86.1758  -86.1758
  -86.1758  -86.1758  -86.1758  -86.1758  -86.1758
  -86.1758  -86.1758  -86.1758  -86.1758  -86.1758
  -86.1758  -86.1758  -86.1758  -86.1758  -86.1758


B_tif(:,:,3) =

  Columns 1 through 11

 -107.8596 -107.8596 -107.8596 -107.8596 -107.8596   67.2212   67.2212   67.2212   67.2212   67.2212   67.2212
 -107.8596 -107.8596 -107.8596 -107.8596 -107.8596   67.2212   67.2212   67.2212   67.2212   67.2212   67.2212
 -107.8596 -107.8596 -107.8596 -107.8596 -107.8596   67.2212   67.2212   67.2212   67.2212   67.2212   67.2212
 -107.8596 -107.8596 -107.8596 -107.8596 -107.8596   67.2212   67.2212   67.2212   67.2212   67.2212   67.2212
 -107.8596 -107.8596 -107.8596 -107.8596 -107.8596   67.2212   67.2212   67.2212   67.2212   67.2212   67.2212
 -107.8596 -107.8596 -107.8596 -107.8596 -107.8596   67.2212   67.2212   67.2212   67.2212   67.2212   67.2212
 -107.8596 -107.8596 -107.8596 -107.8596 -107.8596   67.2212   67.2212   67.2212   67.2212   67.2212   67.2212
 -107.8596 -107.8596 -107.8596 -107.8596 -107.8596   67.2212   67.2212   67.2212   67.2212   67.2212   67.2212
 -107.8596 -107.8596 -107.8596 -107.8596 -107.8596   67.2212   67.2212   67.2212   67.2212   67.2212   67.2212
 -107.8596 -107.8596 -107.8596 -107.8596 -107.8596   67.2212   67.2212   67.2212   67.2212   67.2212   67.2212
 -107.8596 -107.8596 -107.8596 -107.8596 -107.8596   67.2212   67.2212   67.2212   67.2212   67.2212   67.2212
 -107.8596 -107.8596 -107.8596 -107.8596 -107.8596   67.2212   67.2212   67.2212   67.2212   67.2212   67.2212
 -107.8596 -107.8596 -107.8596 -107.8596 -107.8596   67.2212   67.2212   67.2212   67.2212   67.2212   67.2212
 -107.8596 -107.8596 -107.8596 -107.8596 -107.8596   67.2212   67.2212   67.2212   67.2212   67.2212   67.2212
 -107.8596 -107.8596 -107.8596 -107.8596 -107.8596   67.2212   67.2212   67.2212   67.2212   67.2212   67.2212
 -107.8596 -107.8596 -107.8596 -107.8596 -107.8596   67.2212   67.2212   67.2212   67.2212   67.2212   67.2212

  Columns 12 through 16

   83.1832   83.1832   83.1832   83.1832   83.1832
   83.1832   83.1832   83.1832   83.1832   83.1832
   83.1832   83.1832   83.1832   83.1832   83.1832
   83.1832   83.1832   83.1832   83.1832   83.1832
   83.1832   83.1832   83.1832   83.1832   83.1832
   83.1832   83.1832   83.1832   83.1832   83.1832
   83.1832   83.1832   83.1832   83.1832   83.1832
   83.1832   83.1832   83.1832   83.1832   83.1832
   83.1832   83.1832   83.1832   83.1832   83.1832
   83.1832   83.1832   83.1832   83.1832   83.1832
   83.1832   83.1832   83.1832   83.1832   83.1832
   83.1832   83.1832   83.1832   83.1832   83.1832
   83.1832   83.1832   83.1832   83.1832   83.1832
   83.1832   83.1832   83.1832   83.1832   83.1832
   83.1832   83.1832   83.1832   83.1832   83.1832
   83.1832   83.1832   83.1832   83.1832   83.1832

