 ans  =
 
    1.  
 
-->B_jpeg=cvtColor(A_jpeg,"CV_BGR2GRAY",0)
 B_jpeg  =
 
 
       B_jpeg(1)
 
   30   30   30   30   30   30   30   30   30   30   30   30   30   30   30   30  
   29   29   29   29   29   29   29   29   29   29   29   29   29   29   29   29  
   30   30   30   30   30   30   30   30   30   30   30   30   30   30   30   30  
   32   32   32   32   32   32   32   32   32   32   32   32   32   32   32   32  
   38   38   38   38   38   38   38   38   38   38   38   38   38   38   38   38  
   77   77   77   77   77   77   77   77   77   77   77   77   77   77   77   77  
   77   77   77   77   77   77   77   77   77   77   77   77   77   77   77   77  
   76   76   76   76   76   76   76   76   76   76   76   76   76   76   76   76  
   76   76   76   76   76   76   76   76   76   76   76   76   76   76   76   76  
   81   81   81   81   81   81   81   81   81   81   81   81   81   81   81   81  
   74   74   74   74   74   74   74   74   74   74   74   74   74   74   74   74  
  151  151  151  151  151  151  151  151  151  151  151  151  151  151  151  151  
  149  149  149  149  149  149  149  149  149  149  149  149  149  149  149  149  
  150  150  150  150  150  150  150  150  150  150  150  150  150  150  150  150  
  150  150  150  150  150  150  150  150  150  150  150  150  150  150  150  150  
  149  149  149  149  149  149  149  149  149  149  149  149  149  149  149  149  
 
-->//B_png=cvtColor(A_png,"CV_BGR2GRAY",0)
 
-->B_bmp = cvtColor(A_bmp,"CV_BGR2GRAY",0)
 B_bmp  =
 
 
       B_bmp(1)
 
   29   29   29   29   29   29   29   29   29   29   29   29   29   29   29   29  
   29   29   29   29   29   29   29   29   29   29   29   29   29   29   29   29  
   29   29   29   29   29   29   29   29   29   29   29   29   29   29   29   29  
   29   29   29   29   29   29   29   29   29   29   29   29   29   29   29   29  
   29   29   29   29   29   29   29   29   29   29   29   29   29   29   29   29  
   76   76   76   76   76   76   76   76   76   76   76   76   76   76   76   76  
   76   76   76   76   76   76   76   76   76   76   76   76   76   76   76   76  
   76   76   76   76   76   76   76   76   76   76   76   76   76   76   76   76  
   76   76   76   76   76   76   76   76   76   76   76   76   76   76   76   76  
   76   76   76   76   76   76   76   76   76   76   76   76   76   76   76   76  
   76   76   76   76   76   76   76   76   76   76   76   76   76   76   76   76  
  150  150  150  150  150  150  150  150  150  150  150  150  150  150  150  150  
  150  150  150  150  150  150  150  150  150  150  150  150  150  150  150  150  
  150  150  150  150  150  150  150  150  150  150  150  150  150  150  150  150  
  150  150  150  150  150  150  150  150  150  150  150  150  150  150  150  150  
  150  150  150  150  150  150  150  150  150  150  150  150  150  150  150  150  
 
-->B_tif=cvtColor(A_tif,"CV_BGR2GRAY",0)
 B_tif  =
 
 
       B_tif(1)
 
   29   29   29   29   29   29   29   29   29   29   29   29   29   29   29   29  
   29   29   29   29   29   29   29   29   29   29   29   29   29   29   29   29  
   29   29   29   29   29   29   29   29   29   29   29   29   29   29   29   29  
   29   29   29   29   29   29   29   29   29   29   29   29   29   29   29   29  
   29   29   29   29   29   29   29   29   29   29   29   29   29   29   29   29  
   76   76   76   76   76   76   76   76   76   76   76   76   76   76   76   76  
   76   76   76   76   76   76   76   76   76   76   76   76   76   76   76   76  
   76   76   76   76   76   76   76   76   76   76   76   76   76   76   76   76  
   76   76   76   76   76   76   76   76   76   76   76   76   76   76   76   76  
   76   76   76   76   76   76   76   76   76   76   76   76   76   76   76   76  
   76   76   76   76   76   76   76   76   76   76   76   76   76   76   76   76  
  150  150  150  150  150  150  150  150  150  150  150  150  150  150  150  150  
  150  150  150  150  150  150  150  150  150  150  150  150  150  150  150  150  
  150  150  150  150  150  150  150  150  150  150  150  150  150  150  150  150  
  150  150  150  150  150  150  150  150  150  150  150  150  150  150  150  150  
  150  150  150  150  150  150  150  150  150  150  150  150  150  150  150  150  
 
-->diary(0)
