 d  =
 
    1.  
 
-->BMP = imread('colour.bmp')
                           !--error 999 
imread: Can not open file colour.bmp.
 
 
-->BMP = imread('color.bmp')
 BMP  =
 
(:,:,1)
 
  0  0  0  0  0  255  255  255  255  255  255  0  0  0  0  0  
  0  0  0  0  0  255  255  255  255  255  255  0  0  0  0  0  
  0  0  0  0  0  255  255  255  255  255  255  0  0  0  0  0  
  0  0  0  0  0  255  255  255  255  255  255  0  0  0  0  0  
  0  0  0  0  0  255  255  255  255  255  255  0  0  0  0  0  
  0  0  0  0  0  255  255  255  255  255  255  0  0  0  0  0  
  0  0  0  0  0  255  255  255  255  255  255  0  0  0  0  0  
  0  0  0  0  0  255  255  255  255  255  255  0  0  0  0  0  
  0  0  0  0  0  255  255  255  255  255  255  0  0  0  0  0  
  0  0  0  0  0  255  255  255  255  255  255  0  0  0  0  0  
  0  0  0  0  0  255  255  255  255  255  255  0  0  0  0  0  
  0  0  0  0  0  255  255  255  255  255  255  0  0  0  0  0  
  0  0  0  0  0  255  255  255  255  255  255  0  0  0  0  0  
  0  0  0  0  0  255  255  255  255  255  255  0  0  0  0  0  
  0  0  0  0  0  255  255  255  255  255  255  0  0  0  0  0  
  0  0  0  0  0  255  255  255  255  255  255  0  0  0  0  0  
(:,:,2)
 
  0  0  0  0  0  0  0  0  0  0  0  255  255  255  255  255  
  0  0  0  0  0  0  0  0  0  0  0  255  255  255  255  255  
  0  0  0  0  0  0  0  0  0  0  0  255  255  255  255  255  
  0  0  0  0  0  0  0  0  0  0  0  255  255  255  255  255  
  0  0  0  0  0  0  0  0  0  0  0  255  255  255  255  255  
  0  0  0  0  0  0  0  0  0  0  0  255  255  255  255  255  
  0  0  0  0  0  0  0  0  0  0  0  255  255  255  255  255  
  0  0  0  0  0  0  0  0  0  0  0  255  255  255  255  255  
  0  0  0  0  0  0  0  0  0  0  0  255  255  255  255  255  
  0  0  0  0  0  0  0  0  0  0  0  255  255  255  255  255  
  0  0  0  0  0  0  0  0  0  0  0  255  255  255  255  255  
  0  0  0  0  0  0  0  0  0  0  0  255  255  255  255  255  
  0  0  0  0  0  0  0  0  0  0  0  255  255  255  255  255  
  0  0  0  0  0  0  0  0  0  0  0  255  255  255  255  255  
  0  0  0  0  0  0  0  0  0  0  0  255  255  255  255  255  
  0  0  0  0  0  0  0  0  0  0  0  255  255  255  255  255  
(:,:,3)
 
  255  255  255  255  255  0  0  0  0  0  0  0  0  0  0  0  
  255  255  255  255  255  0  0  0  0  0  0  0  0  0  0  0  
  255  255  255  255  255  0  0  0  0  0  0  0  0  0  0  0  
  255  255  255  255  255  0  0  0  0  0  0  0  0  0  0  0  
  255  255  255  255  255  0  0  0  0  0  0  0  0  0  0  0  
  255  255  255  255  255  0  0  0  0  0  0  0  0  0  0  0  
  255  255  255  255  255  0  0  0  0  0  0  0  0  0  0  0  
  255  255  255  255  255  0  0  0  0  0  0  0  0  0  0  0  
  255  255  255  255  255  0  0  0  0  0  0  0  0  0  0  0  
  255  255  255  255  255  0  0  0  0  0  0  0  0  0  0  0  
  255  255  255  255  255  0  0  0  0  0  0  0  0  0  0  0  
  255  255  255  255  255  0  0  0  0  0  0  0  0  0  0  0  
  255  255  255  255  255  0  0  0  0  0  0  0  0  0  0  0  
  255  255  255  255  255  0  0  0  0  0  0  0  0  0  0  0  
  255  255  255  255  255  0  0  0  0  0  0  0  0  0  0  0  
  255  255  255  255  255  0  0  0  0  0  0  0  0  0  0  0  
 
-->diary(d1,'close')
        !--error 4 
Undefined variable: d1
 
 
-->diary(d,'close')
