 ans  =
 
    1.  
 
-->C_jpeg=cvtColor(B_jpeg,"CV_Luv2RGB",0)
 C_jpeg  =
 
 
       C_jpeg(1)
 
    3    3    3    3    3    3    3    3    3    3    3    3    3    3    3    3  
    0    0    0    0    0    0    0    0    0    0    0    0    0    0    0    0  
    0    0    0    0    0    0    0    0    0    0    0    0    0    0    0    0  
   28   28   28   28   28   28   28   28   28   28   28   28   28   28   28   28  
   74   74   74   74   74   74   74   74   74   74   74   74   74   74   74   74  
  174  174  174  174  174  174  174  174  174  174  174  174  174  174  174  174  
  228  228  228  228  228  228  228  228  228  228  228  228  228  228  228  228  
  253  253  253  253  253  253  253  253  253  253  253  253  253  253  253  253  
  252  252  252  252  252  252  252  252  252  252  252  252  252  252  252  252  
  216  216  216  216  216  216  216  216  216  216  216  216  216  216  216  216  
  130  130  130  130  130  130  130  130  130  130  130  130  130  130  130  130  
  127  127  127  127  127  127  127  127  127  127  127  127  127  127  127  127  
   36   36   36   36   36   36   36   36   36   36   36   36   36   36   36   36  
   10   10   10   10   10   10   10   10   10   10   10   10   10   10   10   10  
    1    1    1    1    1    1    1    1    1    1    1    1    1    1    1    1  
    0    0    0    0    0    0    0    0    0    0    0    0    0    0    0    0  
 
       C_jpeg(2)
 
    4    4    4    4    4    4    4    4    4    4    4    4    4    4    4    4  
    1    1    1    1    1    1    1    1    1    1    1    1    1    1    1    1  
    6    6    6    6    6    6    6    6    6    6    6    6    6    6    6    6  
    1    1    1    1    1    1    1    1    1    1    1    1    1    1    1    1  
    0    0    0    0    0    0    0    0    0    0    0    0    0    0    0    0  
   22   22   22   22   22   22   22   22   22   22   22   22   22   22   22   22  
    6    6    6    6    6    6    6    6    6    6    6    6    6    6    6    6  
    0    0    0    0    0    0    0    0    0    0    0    0    0    0    0    0  
    2    2    2    2    2    2    2    2    2    2    2    2    2    2    2    2  
   28   28   28   28   28   28   28   28   28   28   28   28   28   28   28   28  
   59   59   59   59   59   59   59   59   59   59   59   59   59   59   59   59  
  187  187  187  187  187  187  187  187  187  187  187  187  187  187  187  187  
  233  233  233  233  233  233  233  233  233  233  233  233  233  233  233  233  
  255  255  255  255  255  255  255  255  255  255  255  255  255  255  255  255  
  254  254  254  254  254  254  254  254  254  254  254  254  254  254  254  254  
  251  251  251  251  251  251  251  251  251  251  251  251  251  251  251  251  
 
       C_jpeg(3)
 
  255  255  255  255  255  255  255  255  255  255  255  255  255  255  255  255  
  252  252  252  252  252  252  252  252  252  252  252  252  252  252  252  252  
  253  253  253  253  253  253  253  253  253  253  253  253  253  253  253  253  
  214  214  214  214  214  214  214  214  214  214  214  214  214  214  214  214  
  138  138  138  138  138  138  138  138  138  138  138  138  138  138  138  138  
  111  111  111  111  111  111  111  111  111  111  111  111  111  111  111  111  
   40   40   40   40   40   40   40   40   40   40   40   40   40   40   40   40  
    3    3    3    3    3    3    3    3    3    3    3    3    3    3    3    3  
   11   11   11   11   11   11   11   11   11   11   11   11   11   11   11   11  
    6    6    6    6    6    6    6    6    6    6    6    6    6    6    6    6  
    7    7    7    7    7    7    7    7    7    7    7    7    7    7    7    7  
   28   28   28   28   28   28   28   28   28   28   28   28   28   28   28   28  
   17   17   17   17   17   17   17   17   17   17   17   17   17   17   17   17  
   13   13   13   13   13   13   13   13   13   13   13   13   13   13   13   13  
    5    5    5    5    5    5    5    5    5    5    5    5    5    5    5    5  
   19   19   19   19   19   19   19   19   19   19   19   19   19   19   19   19  
 
-->//B_png=cvtColor(B_png,"CV_Lab2BRG",0)
 
-->C_bmp = cvtColor(B_bmp,"CV_Luv2RGB",0)
 C_bmp  =
 
 
       C_bmp(1)
 
    1    1    1    1    1    1    1    1    1    1    1    1    1    1    1    1  
    1    1    1    1    1    1    1    1    1    1    1    1    1    1    1    1  
    1    1    1    1    1    1    1    1    1    1    1    1    1    1    1    1  
    1    1    1    1    1    1    1    1    1    1    1    1    1    1    1    1  
    1    1    1    1    1    1    1    1    1    1    1    1    1    1    1    1  
  254  254  254  254  254  254  254  254  254  254  254  254  254  254  254  254  
  254  254  254  254  254  254  254  254  254  254  254  254  254  254  254  254  
  254  254  254  254  254  254  254  254  254  254  254  254  254  254  254  254  
  254  254  254  254  254  254  254  254  254  254  254  254  254  254  254  254  
  254  254  254  254  254  254  254  254  254  254  254  254  254  254  254  254  
  254  254  254  254  254  254  254  254  254  254  254  254  254  254  254  254  
   10   10   10   10   10   10   10   10   10   10   10   10   10   10   10   10  
   10   10   10   10   10   10   10   10   10   10   10   10   10   10   10   10  
   10   10   10   10   10   10   10   10   10   10   10   10   10   10   10   10  
   10   10   10   10   10   10   10   10   10   10   10   10   10   10   10   10  
   10   10   10   10   10   10   10   10   10   10   10   10   10   10   10   10  
 
       C_bmp(2)
 
    0    0    0    0    0    0    0    0    0    0    0    0    0    0    0    0  
    0    0    0    0    0    0    0    0    0    0    0    0    0    0    0    0  
    0    0    0    0    0    0    0    0    0    0    0    0    0    0    0    0  
    0    0    0    0    0    0    0    0    0    0    0    0    0    0    0    0  
    0    0    0    0    0    0    0    0    0    0    0    0    0    0    0    0  
    0    0    0    0    0    0    0    0    0    0    0    0    0    0    0    0  
    0    0    0    0    0    0    0    0    0    0    0    0    0    0    0    0  
    0    0    0    0    0    0    0    0    0    0    0    0    0    0    0    0  
    0    0    0    0    0    0    0    0    0    0    0    0    0    0    0    0  
    0    0    0    0    0    0    0    0    0    0    0    0    0    0    0    0  
    0    0    0    0    0    0    0    0    0    0    0    0    0    0    0    0  
  255  255  255  255  255  255  255  255  255  255  255  255  255  255  255  255  
  255  255  255  255  255  255  255  255  255  255  255  255  255  255  255  255  
  255  255  255  255  255  255  255  255  255  255  255  255  255  255  255  255  
  255  255  255  255  255  255  255  255  255  255  255  255  255  255  255  255  
  255  255  255  255  255  255  255  255  255  255  255  255  255  255  255  255  
 
       C_bmp(3)
 
  255  255  255  255  255  255  255  255  255  255  255  255  255  255  255  255  
  255  255  255  255  255  255  255  255  255  255  255  255  255  255  255  255  
  255  255  255  255  255  255  255  255  255  255  255  255  255  255  255  255  
  255  255  255  255  255  255  255  255  255  255  255  255  255  255  255  255  
  255  255  255  255  255  255  255  255  255  255  255  255  255  255  255  255  
    8    8    8    8    8    8    8    8    8    8    8    8    8    8    8    8  
    8    8    8    8    8    8    8    8    8    8    8    8    8    8    8    8  
    8    8    8    8    8    8    8    8    8    8    8    8    8    8    8    8  
    8    8    8    8    8    8    8    8    8    8    8    8    8    8    8    8  
    8    8    8    8    8    8    8    8    8    8    8    8    8    8    8    8  
    8    8    8    8    8    8    8    8    8    8    8    8    8    8    8    8  
   13   13   13   13   13   13   13   13   13   13   13   13   13   13   13   13  
   13   13   13   13   13   13   13   13   13   13   13   13   13   13   13   13  
   13   13   13   13   13   13   13   13   13   13   13   13   13   13   13   13  
   13   13   13   13   13   13   13   13   13   13   13   13   13   13   13   13  
   13   13   13   13   13   13   13   13   13   13   13   13   13   13   13   13  
 
-->C_tif=cvtColor(B_tif,"CV_Luv2RGB",0)
 C_tif  =
 
 
       C_tif(1)
 
    1    1    1    1    1    1    1    1    1    1    1    1    1    1    1    1  
    1    1    1    1    1    1    1    1    1    1    1    1    1    1    1    1  
    1    1    1    1    1    1    1    1    1    1    1    1    1    1    1    1  
    1    1    1    1    1    1    1    1    1    1    1    1    1    1    1    1  
    1    1    1    1    1    1    1    1    1    1    1    1    1    1    1    1  
  254  254  254  254  254  254  254  254  254  254  254  254  254  254  254  254  
  254  254  254  254  254  254  254  254  254  254  254  254  254  254  254  254  
  254  254  254  254  254  254  254  254  254  254  254  254  254  254  254  254  
  254  254  254  254  254  254  254  254  254  254  254  254  254  254  254  254  
  254  254  254  254  254  254  254  254  254  254  254  254  254  254  254  254  
  254  254  254  254  254  254  254  254  254  254  254  254  254  254  254  254  
   10   10   10   10   10   10   10   10   10   10   10   10   10   10   10   10  
   10   10   10   10   10   10   10   10   10   10   10   10   10   10   10   10  
   10   10   10   10   10   10   10   10   10   10   10   10   10   10   10   10  
   10   10   10   10   10   10   10   10   10   10   10   10   10   10   10   10  
   10   10   10   10   10   10   10   10   10   10   10   10   10   10   10   10  
 
       C_tif(2)
 
    0    0    0    0    0    0    0    0    0    0    0    0    0    0    0    0  
    0    0    0    0    0    0    0    0    0    0    0    0    0    0    0    0  
    0    0    0    0    0    0    0    0    0    0    0    0    0    0    0    0  
    0    0    0    0    0    0    0    0    0    0    0    0    0    0    0    0  
    0    0    0    0    0    0    0    0    0    0    0    0    0    0    0    0  
    0    0    0    0    0    0    0    0    0    0    0    0    0    0    0    0  
    0    0    0    0    0    0    0    0    0    0    0    0    0    0    0    0  
    0    0    0    0    0    0    0    0    0    0    0    0    0    0    0    0  
    0    0    0    0    0    0    0    0    0    0    0    0    0    0    0    0  
    0    0    0    0    0    0    0    0    0    0    0    0    0    0    0    0  
    0    0    0    0    0    0    0    0    0    0    0    0    0    0    0    0  
  255  255  255  255  255  255  255  255  255  255  255  255  255  255  255  255  
  255  255  255  255  255  255  255  255  255  255  255  255  255  255  255  255  
  255  255  255  255  255  255  255  255  255  255  255  255  255  255  255  255  
  255  255  255  255  255  255  255  255  255  255  255  255  255  255  255  255  
  255  255  255  255  255  255  255  255  255  255  255  255  255  255  255  255  
 
       C_tif(3)
 
  255  255  255  255  255  255  255  255  255  255  255  255  255  255  255  255  
  255  255  255  255  255  255  255  255  255  255  255  255  255  255  255  255  
  255  255  255  255  255  255  255  255  255  255  255  255  255  255  255  255  
  255  255  255  255  255  255  255  255  255  255  255  255  255  255  255  255  
  255  255  255  255  255  255  255  255  255  255  255  255  255  255  255  255  
    8    8    8    8    8    8    8    8    8    8    8    8    8    8    8    8  
    8    8    8    8    8    8    8    8    8    8    8    8    8    8    8    8  
    8    8    8    8    8    8    8    8    8    8    8    8    8    8    8    8  
    8    8    8    8    8    8    8    8    8    8    8    8    8    8    8    8  
    8    8    8    8    8    8    8    8    8    8    8    8    8    8    8    8  
    8    8    8    8    8    8    8    8    8    8    8    8    8    8    8    8  
   13   13   13   13   13   13   13   13   13   13   13   13   13   13   13   13  
   13   13   13   13   13   13   13   13   13   13   13   13   13   13   13   13  
   13   13   13   13   13   13   13   13   13   13   13   13   13   13   13   13  
   13   13   13   13   13   13   13   13   13   13   13   13   13   13   13   13  
   13   13   13   13   13   13   13   13   13   13   13   13   13   13   13   13  
 
-->diary(0)
