 d  =
 
    1.  
 
-->PNG = imread('color.png')
 PNG  =
 
(:,:,1)
 
  255  255  255  255  255  255  255  255  255  255  255  255  255  255  255  255  
  255  255  255  255  255  255  255  255  255  255  255  255  255  255  255  255  
  255  255  255  255  255  255  255  255  255  255  255  255  255  255  255  255  
  255  255  255  255  255  255  255  255  255  255  255  255  255  255  255  255  
  255  255  255  255  255  255  255  255  255  255  255  255  255  255  255  255  
  255  255  255  255  255  255  255  255  255  255  255  255  255  255  255  255  
  255  255  255  255  255  255  255  255  255  255  255  255  255  255  255  255  
  255  255  255  255  255  255  255  255  255  255  255  255  255  255  255  255  
  255  255  255  255  255  255  255  255  255  255  255  255  255  255  255  255  
  255  255  255  255  255  255  255  255  255  255  255  255  255  255  255  255  
  255  255  255  255  255  255  255  255  255  255  255  255  255  255  255  255  
  255  255  255  255  255  255  255  255  255  255  255  255  255  255  255  255  
  255  255  255  255  255  255  255  255  255  255  255  255  255  255  255  255  
  255  255  255  255  255  255  255  255  255  255  255  255  255  255  255  255  
  255  255  255  255  255  255  255  255  255  255  255  255  255  255  255  255  
  255  255  255  255  255  255  255  255  255  255  255  255  255  255  255  255  
(:,:,2)
 
  0  0  0  0  0  255  255  255  255  255  255  0  0  0  0  0  
  0  0  0  0  0  255  255  255  255  255  255  0  0  0  0  0  
  0  0  0  0  0  255  255  255  255  255  255  0  0  0  0  0  
  0  0  0  0  0  255  255  255  255  255  255  0  0  0  0  0  
  0  0  0  0  0  255  255  255  255  255  255  0  0  0  0  0  
  0  0  0  0  0  255  255  255  255  255  255  0  0  0  0  0  
  0  0  0  0  0  255  255  255  255  255  255  0  0  0  0  0  
  0  0  0  0  0  255  255  255  255  255  255  0  0  0  0  0  
  0  0  0  0  0  255  255  255  255  255  255  0  0  0  0  0  
  0  0  0  0  0  255  255  255  255  255  255  0  0  0  0  0  
  0  0  0  0  0  255  255  255  255  255  255  0  0  0  0  0  
  0  0  0  0  0  255  255  255  255  255  255  0  0  0  0  0  
  0  0  0  0  0  255  255  255  255  255  255  0  0  0  0  0  
  0  0  0  0  0  255  255  255  255  255  255  0  0  0  0  0  
  0  0  0  0  0  255  255  255  255  255  255  0  0  0  0  0  
  0  0  0  0  0  255  255  255  255  255  255  0  0  0  0  0  
(:,:,3)
 
  0  0  0  0  0  0  0  0  0  0  0  255  255  255  255  255  
  0  0  0  0  0  0  0  0  0  0  0  255  255  255  255  255  
  0  0  0  0  0  0  0  0  0  0  0  255  255  255  255  255  
  0  0  0  0  0  0  0  0  0  0  0  255  255  255  255  255  
  0  0  0  0  0  0  0  0  0  0  0  255  255  255  255  255  
  0  0  0  0  0  0  0  0  0  0  0  255  255  255  255  255  
  0  0  0  0  0  0  0  0  0  0  0  255  255  255  255  255  
  0  0  0  0  0  0  0  0  0  0  0  255  255  255  255  255  
  0  0  0  0  0  0  0  0  0  0  0  255  255  255  255  255  
  0  0  0  0  0  0  0  0  0  0  0  255  255  255  255  255  
  0  0  0  0  0  0  0  0  0  0  0  255  255  255  255  255  
  0  0  0  0  0  0  0  0  0  0  0  255  255  255  255  255  
  0  0  0  0  0  0  0  0  0  0  0  255  255  255  255  255  
  0  0  0  0  0  0  0  0  0  0  0  255  255  255  255  255  
  0  0  0  0  0  0  0  0  0  0  0  255  255  255  255  255  
  0  0  0  0  0  0  0  0  0  0  0  255  255  255  255  255  
(:,:,4)
 
  255  255  255  255  255  0  0  0  0  0  0  0  0  0  0  0  
  255  255  255  255  255  0  0  0  0  0  0  0  0  0  0  0  
  255  255  255  255  255  0  0  0  0  0  0  0  0  0  0  0  
  255  255  255  255  255  0  0  0  0  0  0  0  0  0  0  0  
  255  255  255  255  255  0  0  0  0  0  0  0  0  0  0  0  
  255  255  255  255  255  0  0  0  0  0  0  0  0  0  0  0  
  255  255  255  255  255  0  0  0  0  0  0  0  0  0  0  0  
  255  255  255  255  255  0  0  0  0  0  0  0  0  0  0  0  
  255  255  255  255  255  0  0  0  0  0  0  0  0  0  0  0  
  255  255  255  255  255  0  0  0  0  0  0  0  0  0  0  0  
  255  255  255  255  255  0  0  0  0  0  0  0  0  0  0  0  
  255  255  255  255  255  0  0  0  0  0  0  0  0  0  0  0  
  255  255  255  255  255  0  0  0  0  0  0  0  0  0  0  0  
  255  255  255  255  255  0  0  0  0  0  0  0  0  0  0  0  
  255  255  255  255  255  0  0  0  0  0  0  0  0  0  0  0  
  255  255  255  255  255  0  0  0  0  0  0  0  0  0  0  0  
 
-->diary(d,'close')
