
C_jpeg(:,:,1) =

  Columns 1 through 11

    0.0118    0.0039    0.0078    0.1020    0.2902    0.6824    0.8902    0.9882    0.9922    0.8510    0.5098
    0.0118    0.0039    0.0078    0.1020    0.2902    0.6824    0.8902    0.9882    0.9922    0.8510    0.5098
    0.0118    0.0039    0.0078    0.1020    0.2902    0.6824    0.8902    0.9882    0.9922    0.8510    0.5098
    0.0118    0.0039    0.0078    0.1020    0.2902    0.6824    0.8902    0.9882    0.9922    0.8510    0.5098
    0.0118    0.0039    0.0078    0.1020    0.2902    0.6824    0.8902    0.9882    0.9922    0.8510    0.5098
    0.0118    0.0039    0.0078    0.1020    0.2902    0.6824    0.8902    0.9882    0.9922    0.8510    0.5098
    0.0118    0.0039    0.0078    0.1020    0.2902    0.6824    0.8902    0.9882    0.9922    0.8510    0.5098
    0.0118    0.0039    0.0078    0.1020    0.2902    0.6824    0.8902    0.9882    0.9922    0.8510    0.5098
    0.0118    0.0039    0.0078    0.1020    0.2902    0.6824    0.8902    0.9882    0.9922    0.8510    0.5098
    0.0118    0.0039    0.0078    0.1020    0.2902    0.6824    0.8902    0.9882    0.9922    0.8510    0.5098
    0.0118    0.0039    0.0078    0.1020    0.2902    0.6824    0.8902    0.9882    0.9922    0.8510    0.5098
    0.0118    0.0039    0.0078    0.1020    0.2902    0.6824    0.8902    0.9882    0.9922    0.8510    0.5098
    0.0118    0.0039    0.0078    0.1020    0.2902    0.6824    0.8902    0.9882    0.9922    0.8510    0.5098
    0.0118    0.0039    0.0078    0.1020    0.2902    0.6824    0.8902    0.9882    0.9922    0.8510    0.5098
    0.0118    0.0039    0.0078    0.1020    0.2902    0.6824    0.8902    0.9882    0.9922    0.8510    0.5098
    0.0118    0.0039    0.0078    0.1020    0.2902    0.6824    0.8902    0.9882    0.9922    0.8510    0.5098

  Columns 12 through 16

    0.4941    0.1451         0    0.0039    0.0118
    0.4941    0.1451         0    0.0039    0.0118
    0.4941    0.1451         0    0.0039    0.0118
    0.4941    0.1451         0    0.0039    0.0118
    0.4941    0.1451         0    0.0039    0.0118
    0.4941    0.1451         0    0.0039    0.0118
    0.4941    0.1451         0    0.0039    0.0118
    0.4941    0.1451         0    0.0039    0.0118
    0.4941    0.1451         0    0.0039    0.0118
    0.4941    0.1451         0    0.0039    0.0118
    0.4941    0.1451         0    0.0039    0.0118
    0.4941    0.1451         0    0.0039    0.0118
    0.4941    0.1451         0    0.0039    0.0118
    0.4941    0.1451         0    0.0039    0.0118
    0.4941    0.1451         0    0.0039    0.0118
    0.4941    0.1451         0    0.0039    0.0118


C_jpeg(:,:,2) =

  Columns 1 through 11

         0         0    0.0039         0         0    0.0824    0.0275         0         0    0.1059    0.2353
         0         0    0.0039         0         0    0.0824    0.0275         0         0    0.1059    0.2353
         0         0    0.0039         0         0    0.0824    0.0275         0         0    0.1059    0.2353
         0         0    0.0039         0         0    0.0824    0.0275         0         0    0.1059    0.2353
         0         0    0.0039         0         0    0.0824    0.0275         0         0    0.1059    0.2353
         0         0    0.0039         0         0    0.0824    0.0275         0         0    0.1059    0.2353
         0         0    0.0039         0         0    0.0824    0.0275         0         0    0.1059    0.2353
         0         0    0.0039         0         0    0.0824    0.0275         0         0    0.1059    0.2353
         0         0    0.0039         0         0    0.0824    0.0275         0         0    0.1059    0.2353
         0         0    0.0039         0         0    0.0824    0.0275         0         0    0.1059    0.2353
         0         0    0.0039         0         0    0.0824    0.0275         0         0    0.1059    0.2353
         0         0    0.0039         0         0    0.0824    0.0275         0         0    0.1059    0.2353
         0         0    0.0039         0         0    0.0824    0.0275         0         0    0.1059    0.2353
         0         0    0.0039         0         0    0.0824    0.0275         0         0    0.1059    0.2353
         0         0    0.0039         0         0    0.0824    0.0275         0         0    0.1059    0.2353
         0         0    0.0039         0         0    0.0824    0.0275         0         0    0.1059    0.2353

  Columns 12 through 16

    0.7333    0.9176    1.0000    0.9961    0.9843
    0.7333    0.9176    1.0000    0.9961    0.9843
    0.7333    0.9176    1.0000    0.9961    0.9843
    0.7333    0.9176    1.0000    0.9961    0.9843
    0.7333    0.9176    1.0000    0.9961    0.9843
    0.7333    0.9176    1.0000    0.9961    0.9843
    0.7333    0.9176    1.0000    0.9961    0.9843
    0.7333    0.9176    1.0000    0.9961    0.9843
    0.7333    0.9176    1.0000    0.9961    0.9843
    0.7333    0.9176    1.0000    0.9961    0.9843
    0.7333    0.9176    1.0000    0.9961    0.9843
    0.7333    0.9176    1.0000    0.9961    0.9843
    0.7333    0.9176    1.0000    0.9961    0.9843
    0.7333    0.9176    1.0000    0.9961    0.9843
    0.7333    0.9176    1.0000    0.9961    0.9843
    0.7333    0.9176    1.0000    0.9961    0.9843


C_jpeg(:,:,3) =

  Columns 1 through 11

    1.0000    0.9882    0.9922    0.8353    0.5373    0.4353    0.1647    0.0078         0         0         0
    1.0000    0.9882    0.9922    0.8353    0.5373    0.4353    0.1647    0.0078         0         0         0
    1.0000    0.9882    0.9922    0.8353    0.5373    0.4353    0.1647    0.0078         0         0         0
    1.0000    0.9882    0.9922    0.8353    0.5373    0.4353    0.1647    0.0078         0         0         0
    1.0000    0.9882    0.9922    0.8353    0.5373    0.4353    0.1647    0.0078         0         0         0
    1.0000    0.9882    0.9922    0.8353    0.5373    0.4353    0.1647    0.0078         0         0         0
    1.0000    0.9882    0.9922    0.8353    0.5373    0.4353    0.1647    0.0078         0         0         0
    1.0000    0.9882    0.9922    0.8353    0.5373    0.4353    0.1647    0.0078         0         0         0
    1.0000    0.9882    0.9922    0.8353    0.5373    0.4353    0.1647    0.0078         0         0         0
    1.0000    0.9882    0.9922    0.8353    0.5373    0.4353    0.1647    0.0078         0         0         0
    1.0000    0.9882    0.9922    0.8353    0.5373    0.4353    0.1647    0.0078         0         0         0
    1.0000    0.9882    0.9922    0.8353    0.5373    0.4353    0.1647    0.0078         0         0         0
    1.0000    0.9882    0.9922    0.8353    0.5373    0.4353    0.1647    0.0078         0         0         0
    1.0000    0.9882    0.9922    0.8353    0.5373    0.4353    0.1647    0.0078         0         0         0
    1.0000    0.9882    0.9922    0.8353    0.5373    0.4353    0.1647    0.0078         0         0         0
    1.0000    0.9882    0.9922    0.8353    0.5373    0.4353    0.1647    0.0078         0         0         0

  Columns 12 through 16

    0.1255    0.0196         0    0.0196    0.0275
    0.1255    0.0196         0    0.0196    0.0275
    0.1255    0.0196         0    0.0196    0.0275
    0.1255    0.0196         0    0.0196    0.0275
    0.1255    0.0196         0    0.0196    0.0275
    0.1255    0.0196         0    0.0196    0.0275
    0.1255    0.0196         0    0.0196    0.0275
    0.1255    0.0196         0    0.0196    0.0275
    0.1255    0.0196         0    0.0196    0.0275
    0.1255    0.0196         0    0.0196    0.0275
    0.1255    0.0196         0    0.0196    0.0275
    0.1255    0.0196         0    0.0196    0.0275
    0.1255    0.0196         0    0.0196    0.0275
    0.1255    0.0196         0    0.0196    0.0275
    0.1255    0.0196         0    0.0196    0.0275
    0.1255    0.0196         0    0.0196    0.0275


C_png(:,:,1) =

     0     0     0     0     0     1     1     1     1     1     1     0     0     0     0     0
     0     0     0     0     0     1     1     1     1     1     1     0     0     0     0     0
     0     0     0     0     0     1     1     1     1     1     1     0     0     0     0     0
     0     0     0     0     0     1     1     1     1     1     1     0     0     0     0     0
     0     0     0     0     0     1     1     1     1     1     1     0     0     0     0     0
     0     0     0     0     0     1     1     1     1     1     1     0     0     0     0     0
     0     0     0     0     0     1     1     1     1     1     1     0     0     0     0     0
     0     0     0     0     0     1     1     1     1     1     1     0     0     0     0     0
     0     0     0     0     0     1     1     1     1     1     1     0     0     0     0     0
     0     0     0     0     0     1     1     1     1     1     1     0     0     0     0     0
     0     0     0     0     0     1     1     1     1     1     1     0     0     0     0     0
     0     0     0     0     0     1     1     1     1     1     1     0     0     0     0     0
     0     0     0     0     0     1     1     1     1     1     1     0     0     0     0     0
     0     0     0     0     0     1     1     1     1     1     1     0     0     0     0     0
     0     0     0     0     0     1     1     1     1     1     1     0     0     0     0     0
     0     0     0     0     0     1     1     1     1     1     1     0     0     0     0     0


C_png(:,:,2) =

     0     0     0     0     0     0     0     0     0     0     0     1     1     1     1     1
     0     0     0     0     0     0     0     0     0     0     0     1     1     1     1     1
     0     0     0     0     0     0     0     0     0     0     0     1     1     1     1     1
     0     0     0     0     0     0     0     0     0     0     0     1     1     1     1     1
     0     0     0     0     0     0     0     0     0     0     0     1     1     1     1     1
     0     0     0     0     0     0     0     0     0     0     0     1     1     1     1     1
     0     0     0     0     0     0     0     0     0     0     0     1     1     1     1     1
     0     0     0     0     0     0     0     0     0     0     0     1     1     1     1     1
     0     0     0     0     0     0     0     0     0     0     0     1     1     1     1     1
     0     0     0     0     0     0     0     0     0     0     0     1     1     1     1     1
     0     0     0     0     0     0     0     0     0     0     0     1     1     1     1     1
     0     0     0     0     0     0     0     0     0     0     0     1     1     1     1     1
     0     0     0     0     0     0     0     0     0     0     0     1     1     1     1     1
     0     0     0     0     0     0     0     0     0     0     0     1     1     1     1     1
     0     0     0     0     0     0     0     0     0     0     0     1     1     1     1     1
     0     0     0     0     0     0     0     0     0     0     0     1     1     1     1     1


C_png(:,:,3) =

     1     1     1     1     1     0     0     0     0     0     0     0     0     0     0     0
     1     1     1     1     1     0     0     0     0     0     0     0     0     0     0     0
     1     1     1     1     1     0     0     0     0     0     0     0     0     0     0     0
     1     1     1     1     1     0     0     0     0     0     0     0     0     0     0     0
     1     1     1     1     1     0     0     0     0     0     0     0     0     0     0     0
     1     1     1     1     1     0     0     0     0     0     0     0     0     0     0     0
     1     1     1     1     1     0     0     0     0     0     0     0     0     0     0     0
     1     1     1     1     1     0     0     0     0     0     0     0     0     0     0     0
     1     1     1     1     1     0     0     0     0     0     0     0     0     0     0     0
     1     1     1     1     1     0     0     0     0     0     0     0     0     0     0     0
     1     1     1     1     1     0     0     0     0     0     0     0     0     0     0     0
     1     1     1     1     1     0     0     0     0     0     0     0     0     0     0     0
     1     1     1     1     1     0     0     0     0     0     0     0     0     0     0     0
     1     1     1     1     1     0     0     0     0     0     0     0     0     0     0     0
     1     1     1     1     1     0     0     0     0     0     0     0     0     0     0     0
     1     1     1     1     1     0     0     0     0     0     0     0     0     0     0     0


C_bmp(:,:,1) =

     0     0     0     0     0     1     1     1     1     1     1     0     0     0     0     0
     0     0     0     0     0     1     1     1     1     1     1     0     0     0     0     0
     0     0     0     0     0     1     1     1     1     1     1     0     0     0     0     0
     0     0     0     0     0     1     1     1     1     1     1     0     0     0     0     0
     0     0     0     0     0     1     1     1     1     1     1     0     0     0     0     0
     0     0     0     0     0     1     1     1     1     1     1     0     0     0     0     0
     0     0     0     0     0     1     1     1     1     1     1     0     0     0     0     0
     0     0     0     0     0     1     1     1     1     1     1     0     0     0     0     0
     0     0     0     0     0     1     1     1     1     1     1     0     0     0     0     0
     0     0     0     0     0     1     1     1     1     1     1     0     0     0     0     0
     0     0     0     0     0     1     1     1     1     1     1     0     0     0     0     0
     0     0     0     0     0     1     1     1     1     1     1     0     0     0     0     0
     0     0     0     0     0     1     1     1     1     1     1     0     0     0     0     0
     0     0     0     0     0     1     1     1     1     1     1     0     0     0     0     0
     0     0     0     0     0     1     1     1     1     1     1     0     0     0     0     0
     0     0     0     0     0     1     1     1     1     1     1     0     0     0     0     0


C_bmp(:,:,2) =

     0     0     0     0     0     0     0     0     0     0     0     1     1     1     1     1
     0     0     0     0     0     0     0     0     0     0     0     1     1     1     1     1
     0     0     0     0     0     0     0     0     0     0     0     1     1     1     1     1
     0     0     0     0     0     0     0     0     0     0     0     1     1     1     1     1
     0     0     0     0     0     0     0     0     0     0     0     1     1     1     1     1
     0     0     0     0     0     0     0     0     0     0     0     1     1     1     1     1
     0     0     0     0     0     0     0     0     0     0     0     1     1     1     1     1
     0     0     0     0     0     0     0     0     0     0     0     1     1     1     1     1
     0     0     0     0     0     0     0     0     0     0     0     1     1     1     1     1
     0     0     0     0     0     0     0     0     0     0     0     1     1     1     1     1
     0     0     0     0     0     0     0     0     0     0     0     1     1     1     1     1
     0     0     0     0     0     0     0     0     0     0     0     1     1     1     1     1
     0     0     0     0     0     0     0     0     0     0     0     1     1     1     1     1
     0     0     0     0     0     0     0     0     0     0     0     1     1     1     1     1
     0     0     0     0     0     0     0     0     0     0     0     1     1     1     1     1
     0     0     0     0     0     0     0     0     0     0     0     1     1     1     1     1


C_bmp(:,:,3) =

     1     1     1     1     1     0     0     0     0     0     0     0     0     0     0     0
     1     1     1     1     1     0     0     0     0     0     0     0     0     0     0     0
     1     1     1     1     1     0     0     0     0     0     0     0     0     0     0     0
     1     1     1     1     1     0     0     0     0     0     0     0     0     0     0     0
     1     1     1     1     1     0     0     0     0     0     0     0     0     0     0     0
     1     1     1     1     1     0     0     0     0     0     0     0     0     0     0     0
     1     1     1     1     1     0     0     0     0     0     0     0     0     0     0     0
     1     1     1     1     1     0     0     0     0     0     0     0     0     0     0     0
     1     1     1     1     1     0     0     0     0     0     0     0     0     0     0     0
     1     1     1     1     1     0     0     0     0     0     0     0     0     0     0     0
     1     1     1     1     1     0     0     0     0     0     0     0     0     0     0     0
     1     1     1     1     1     0     0     0     0     0     0     0     0     0     0     0
     1     1     1     1     1     0     0     0     0     0     0     0     0     0     0     0
     1     1     1     1     1     0     0     0     0     0     0     0     0     0     0     0
     1     1     1     1     1     0     0     0     0     0     0     0     0     0     0     0
     1     1     1     1     1     0     0     0     0     0     0     0     0     0     0     0


C_tif(:,:,1) =

     0     0     0     0     0     1     1     1     1     1     1     0     0     0     0     0
     0     0     0     0     0     1     1     1     1     1     1     0     0     0     0     0
     0     0     0     0     0     1     1     1     1     1     1     0     0     0     0     0
     0     0     0     0     0     1     1     1     1     1     1     0     0     0     0     0
     0     0     0     0     0     1     1     1     1     1     1     0     0     0     0     0
     0     0     0     0     0     1     1     1     1     1     1     0     0     0     0     0
     0     0     0     0     0     1     1     1     1     1     1     0     0     0     0     0
     0     0     0     0     0     1     1     1     1     1     1     0     0     0     0     0
     0     0     0     0     0     1     1     1     1     1     1     0     0     0     0     0
     0     0     0     0     0     1     1     1     1     1     1     0     0     0     0     0
     0     0     0     0     0     1     1     1     1     1     1     0     0     0     0     0
     0     0     0     0     0     1     1     1     1     1     1     0     0     0     0     0
     0     0     0     0     0     1     1     1     1     1     1     0     0     0     0     0
     0     0     0     0     0     1     1     1     1     1     1     0     0     0     0     0
     0     0     0     0     0     1     1     1     1     1     1     0     0     0     0     0
     0     0     0     0     0     1     1     1     1     1     1     0     0     0     0     0


C_tif(:,:,2) =

     0     0     0     0     0     0     0     0     0     0     0     1     1     1     1     1
     0     0     0     0     0     0     0     0     0     0     0     1     1     1     1     1
     0     0     0     0     0     0     0     0     0     0     0     1     1     1     1     1
     0     0     0     0     0     0     0     0     0     0     0     1     1     1     1     1
     0     0     0     0     0     0     0     0     0     0     0     1     1     1     1     1
     0     0     0     0     0     0     0     0     0     0     0     1     1     1     1     1
     0     0     0     0     0     0     0     0     0     0     0     1     1     1     1     1
     0     0     0     0     0     0     0     0     0     0     0     1     1     1     1     1
     0     0     0     0     0     0     0     0     0     0     0     1     1     1     1     1
     0     0     0     0     0     0     0     0     0     0     0     1     1     1     1     1
     0     0     0     0     0     0     0     0     0     0     0     1     1     1     1     1
     0     0     0     0     0     0     0     0     0     0     0     1     1     1     1     1
     0     0     0     0     0     0     0     0     0     0     0     1     1     1     1     1
     0     0     0     0     0     0     0     0     0     0     0     1     1     1     1     1
     0     0     0     0     0     0     0     0     0     0     0     1     1     1     1     1
     0     0     0     0     0     0     0     0     0     0     0     1     1     1     1     1


C_tif(:,:,3) =

     1     1     1     1     1     0     0     0     0     0     0     0     0     0     0     0
     1     1     1     1     1     0     0     0     0     0     0     0     0     0     0     0
     1     1     1     1     1     0     0     0     0     0     0     0     0     0     0     0
     1     1     1     1     1     0     0     0     0     0     0     0     0     0     0     0
     1     1     1     1     1     0     0     0     0     0     0     0     0     0     0     0
     1     1     1     1     1     0     0     0     0     0     0     0     0     0     0     0
     1     1     1     1     1     0     0     0     0     0     0     0     0     0     0     0
     1     1     1     1     1     0     0     0     0     0     0     0     0     0     0     0
     1     1     1     1     1     0     0     0     0     0     0     0     0     0     0     0
     1     1     1     1     1     0     0     0     0     0     0     0     0     0     0     0
     1     1     1     1     1     0     0     0     0     0     0     0     0     0     0     0
     1     1     1     1     1     0     0     0     0     0     0     0     0     0     0     0
     1     1     1     1     1     0     0     0     0     0     0     0     0     0     0     0
     1     1     1     1     1     0     0     0     0     0     0     0     0     0     0     0
     1     1     1     1     1     0     0     0     0     0     0     0     0     0     0     0
     1     1     1     1     1     0     0     0     0     0     0     0     0     0     0     0

