 ans  =
 
    1.  
 
-->B_jpeg=cvtColor(A_jpeg,"CV_RGB2XYZ",0)
 B_jpeg  =
 
 
       B_jpeg(1)
 
    8    8    8    8    8    8    8    8    8    8    8    8    8    8    8    8  
    6    6    6    6    6    6    6    6    6    6    6    6    6    6    6    6  
    7    7    7    7    7    7    7    7    7    7    7    7    7    7    7    7  
   29   29   29   29   29   29   29   29   29   29   29   29   29   29   29   29  
   73   73   73   73   73   73   73   73   73   73   73   73   73   73   73   73  
  170  170  170  170  170  170  170  170  170  170  170  170  170  170  170  170  
  217  217  217  217  217  217  217  217  217  217  217  217  217  217  217  217  
  239  239  239  239  239  239  239  239  239  239  239  239  239  239  239  239  
  240  240  240  240  240  240  240  240  240  240  240  240  240  240  240  240  
  209  209  209  209  209  209  209  209  209  209  209  209  209  209  209  209  
  131  131  131  131  131  131  131  131  131  131  131  131  131  131  131  131  
  143  143  143  143  143  143  143  143  143  143  143  143  143  143  143  143  
   63   63   63   63   63   63   63   63   63   63   63   63   63   63   63   63  
   30   30   30   30   30   30   30   30   30   30   30   30   30   30   30   30  
   31   31   31   31   31   31   31   31   31   31   31   31   31   31   31   31  
   33   33   33   33   33   33   33   33   33   33   33   33   33   33   33   33  
 
       B_jpeg(2)
 
   54   54   54   54   54   54   54   54   54   54   54   54   54   54   54   54  
   54   54   54   54   54   54   54   54   54   54   54   54   54   54   54   54  
   55   55   55   55   55   55   55   55   55   55   55   55   55   55   55   55  
   47   47   47   47   47   47   47   47   47   47   47   47   47   47   47   47  
   34   34   34   34   34   34   34   34   34   34   34   34   34   34   34   34  
   51   51   51   51   51   51   51   51   51   51   51   51   51   51   51   51  
   30   30   30   30   30   30   30   30   30   30   30   30   30   30   30   30  
   19   19   19   19   19   19   19   19   19   19   19   19   19   19   19   19  
   18   18   18   18   18   18   18   18   18   18   18   18   18   18   18   18  
   35   35   35   35   35   35   35   35   35   35   35   35   35   35   35   35  
   52   52   52   52   52   52   52   52   52   52   52   52   52   52   52   52  
  150  150  150  150  150  150  150  150  150  150  150  150  150  150  150  150  
  171  171  171  171  171  171  171  171  171  171  171  171  171  171  171  171  
  182  182  182  182  182  182  182  182  182  182  182  182  182  182  182  182  
  183  183  183  183  183  183  183  183  183  183  183  183  183  183  183  183  
  181  181  181  181  181  181  181  181  181  181  181  181  181  181  181  181  
 
       B_jpeg(3)
 
  106  106  106  106  106  106  106  106  106  106  106  106  106  106  106  106  
  104  104  104  104  104  104  104  104  104  104  104  104  104  104  104  104  
  105  105  105  105  105  105  105  105  105  105  105  105  105  105  105  105  
   93   93   93   93   93   93   93   93   93   93   93   93   93   93   93   93  
   70   70   70   70   70   70   70   70   70   70   70   70   70   70   70   70  
   85   85   85   85   85   85   85   85   85   85   85   85   85   85   85   85  
   61   61   61   61   61   61   61   61   61   61   61   61   61   61   61   61  
   46   46   46   46   46   46   46   46   46   46   46   46   46   46   46   46  
   46   46   46   46   46   46   46   46   46   46   46   46   46   46   46   46  
   49   49   49   49   49   49   49   49   49   49   49   49   49   49   49   49  
   45   45   45   45   45   45   45   45   45   45   45   45   45   45   45   45  
  103  103  103  103  103  103  103  103  103  103  103  103  103  103  103  103  
   92   92   92   92   92   92   92   92   92   92   92   92   92   92   92   92  
   91   91   91   91   91   91   91   91   91   91   91   91   91   91   91   91  
   93   93   93   93   93   93   93   93   93   93   93   93   93   93   93   93  
   93   93   93   93   93   93   93   93   93   93   93   93   93   93   93   93  
 
-->//B_png=cvtColor(A_png,"CV_RGB2XYZ",0)
 
-->B_bmp = cvtColor(A_bmp,"CV_RGB2XYZ",0)
 B_bmp  =
 
 
       B_bmp(1)
 
    5    5    5    5    5    5    5    5    5    5    5    5    5    5    5    5  
    5    5    5    5    5    5    5    5    5    5    5    5    5    5    5    5  
    5    5    5    5    5    5    5    5    5    5    5    5    5    5    5    5  
    5    5    5    5    5    5    5    5    5    5    5    5    5    5    5    5  
    5    5    5    5    5    5    5    5    5    5    5    5    5    5    5    5  
  242  242  242  242  242  242  242  242  242  242  242  242  242  242  242  242  
  242  242  242  242  242  242  242  242  242  242  242  242  242  242  242  242  
  242  242  242  242  242  242  242  242  242  242  242  242  242  242  242  242  
  242  242  242  242  242  242  242  242  242  242  242  242  242  242  242  242  
  242  242  242  242  242  242  242  242  242  242  242  242  242  242  242  242  
  242  242  242  242  242  242  242  242  242  242  242  242  242  242  242  242  
   30   30   30   30   30   30   30   30   30   30   30   30   30   30   30   30  
   30   30   30   30   30   30   30   30   30   30   30   30   30   30   30   30  
   30   30   30   30   30   30   30   30   30   30   30   30   30   30   30   30  
   30   30   30   30   30   30   30   30   30   30   30   30   30   30   30   30  
   30   30   30   30   30   30   30   30   30   30   30   30   30   30   30   30  
 
       B_bmp(2)
 
   54   54   54   54   54   54   54   54   54   54   54   54   54   54   54   54  
   54   54   54   54   54   54   54   54   54   54   54   54   54   54   54   54  
   54   54   54   54   54   54   54   54   54   54   54   54   54   54   54   54  
   54   54   54   54   54   54   54   54   54   54   54   54   54   54   54   54  
   54   54   54   54   54   54   54   54   54   54   54   54   54   54   54   54  
   18   18   18   18   18   18   18   18   18   18   18   18   18   18   18   18  
   18   18   18   18   18   18   18   18   18   18   18   18   18   18   18   18  
   18   18   18   18   18   18   18   18   18   18   18   18   18   18   18   18  
   18   18   18   18   18   18   18   18   18   18   18   18   18   18   18   18  
   18   18   18   18   18   18   18   18   18   18   18   18   18   18   18   18  
   18   18   18   18   18   18   18   18   18   18   18   18   18   18   18   18  
  182  182  182  182  182  182  182  182  182  182  182  182  182  182  182  182  
  182  182  182  182  182  182  182  182  182  182  182  182  182  182  182  182  
  182  182  182  182  182  182  182  182  182  182  182  182  182  182  182  182  
  182  182  182  182  182  182  182  182  182  182  182  182  182  182  182  182  
  182  182  182  182  182  182  182  182  182  182  182  182  182  182  182  182  
 
       B_bmp(3)
 
  105  105  105  105  105  105  105  105  105  105  105  105  105  105  105  105  
  105  105  105  105  105  105  105  105  105  105  105  105  105  105  105  105  
  105  105  105  105  105  105  105  105  105  105  105  105  105  105  105  105  
  105  105  105  105  105  105  105  105  105  105  105  105  105  105  105  105  
  105  105  105  105  105  105  105  105  105  105  105  105  105  105  105  105  
   46   46   46   46   46   46   46   46   46   46   46   46   46   46   46   46  
   46   46   46   46   46   46   46   46   46   46   46   46   46   46   46   46  
   46   46   46   46   46   46   46   46   46   46   46   46   46   46   46   46  
   46   46   46   46   46   46   46   46   46   46   46   46   46   46   46   46  
   46   46   46   46   46   46   46   46   46   46   46   46   46   46   46   46  
   46   46   46   46   46   46   46   46   46   46   46   46   46   46   46   46  
   91   91   91   91   91   91   91   91   91   91   91   91   91   91   91   91  
   91   91   91   91   91   91   91   91   91   91   91   91   91   91   91   91  
   91   91   91   91   91   91   91   91   91   91   91   91   91   91   91   91  
   91   91   91   91   91   91   91   91   91   91   91   91   91   91   91   91  
   91   91   91   91   91   91   91   91   91   91   91   91   91   91   91   91  
 
-->B_tif=cvtColor(A_tif,"CV_RGB2XYZ",0)
 B_tif  =
 
 
       B_tif(1)
 
    5    5    5    5    5    5    5    5    5    5    5    5    5    5    5    5  
    5    5    5    5    5    5    5    5    5    5    5    5    5    5    5    5  
    5    5    5    5    5    5    5    5    5    5    5    5    5    5    5    5  
    5    5    5    5    5    5    5    5    5    5    5    5    5    5    5    5  
    5    5    5    5    5    5    5    5    5    5    5    5    5    5    5    5  
  242  242  242  242  242  242  242  242  242  242  242  242  242  242  242  242  
  242  242  242  242  242  242  242  242  242  242  242  242  242  242  242  242  
  242  242  242  242  242  242  242  242  242  242  242  242  242  242  242  242  
  242  242  242  242  242  242  242  242  242  242  242  242  242  242  242  242  
  242  242  242  242  242  242  242  242  242  242  242  242  242  242  242  242  
  242  242  242  242  242  242  242  242  242  242  242  242  242  242  242  242  
   30   30   30   30   30   30   30   30   30   30   30   30   30   30   30   30  
   30   30   30   30   30   30   30   30   30   30   30   30   30   30   30   30  
   30   30   30   30   30   30   30   30   30   30   30   30   30   30   30   30  
   30   30   30   30   30   30   30   30   30   30   30   30   30   30   30   30  
   30   30   30   30   30   30   30   30   30   30   30   30   30   30   30   30  
 
       B_tif(2)
 
   54   54   54   54   54   54   54   54   54   54   54   54   54   54   54   54  
   54   54   54   54   54   54   54   54   54   54   54   54   54   54   54   54  
   54   54   54   54   54   54   54   54   54   54   54   54   54   54   54   54  
   54   54   54   54   54   54   54   54   54   54   54   54   54   54   54   54  
   54   54   54   54   54   54   54   54   54   54   54   54   54   54   54   54  
   18   18   18   18   18   18   18   18   18   18   18   18   18   18   18   18  
   18   18   18   18   18   18   18   18   18   18   18   18   18   18   18   18  
   18   18   18   18   18   18   18   18   18   18   18   18   18   18   18   18  
   18   18   18   18   18   18   18   18   18   18   18   18   18   18   18   18  
   18   18   18   18   18   18   18   18   18   18   18   18   18   18   18   18  
   18   18   18   18   18   18   18   18   18   18   18   18   18   18   18   18  
  182  182  182  182  182  182  182  182  182  182  182  182  182  182  182  182  
  182  182  182  182  182  182  182  182  182  182  182  182  182  182  182  182  
  182  182  182  182  182  182  182  182  182  182  182  182  182  182  182  182  
  182  182  182  182  182  182  182  182  182  182  182  182  182  182  182  182  
  182  182  182  182  182  182  182  182  182  182  182  182  182  182  182  182  
 
       B_tif(3)
 
  105  105  105  105  105  105  105  105  105  105  105  105  105  105  105  105  
  105  105  105  105  105  105  105  105  105  105  105  105  105  105  105  105  
  105  105  105  105  105  105  105  105  105  105  105  105  105  105  105  105  
  105  105  105  105  105  105  105  105  105  105  105  105  105  105  105  105  
  105  105  105  105  105  105  105  105  105  105  105  105  105  105  105  105  
   46   46   46   46   46   46   46   46   46   46   46   46   46   46   46   46  
   46   46   46   46   46   46   46   46   46   46   46   46   46   46   46   46  
   46   46   46   46   46   46   46   46   46   46   46   46   46   46   46   46  
   46   46   46   46   46   46   46   46   46   46   46   46   46   46   46   46  
   46   46   46   46   46   46   46   46   46   46   46   46   46   46   46   46  
   46   46   46   46   46   46   46   46   46   46   46   46   46   46   46   46  
   91   91   91   91   91   91   91   91   91   91   91   91   91   91   91   91  
   91   91   91   91   91   91   91   91   91   91   91   91   91   91   91   91  
   91   91   91   91   91   91   91   91   91   91   91   91   91   91   91   91  
   91   91   91   91   91   91   91   91   91   91   91   91   91   91   91   91  
   91   91   91   91   91   91   91   91   91   91   91   91   91   91   91   91  
 
-->diary(0)
