 ans  =
 
    1.  
 
-->B_Jpeg = cvtColor(A_jpeg,"CV_RGB2GRAY",0)
 B_Jpeg  =
 
 
       B_Jpeg(1)
 
   77   77   77   77   77   77   77   77   77   77   77   77   77   77   77   77  
   75   75   75   75   75   75   75   75   75   75   75   75   75   75   75   75  
   76   76   76   76   76   76   76   76   76   76   76   76   76   76   76   76  
   67   67   67   67   67   67   67   67   67   67   67   67   67   67   67   67  
   49   49   49   49   49   49   49   49   49   49   49   49   49   49   49   49  
   65   65   65   65   65   65   65   65   65   65   65   65   65   65   65   65  
   43   43   43   43   43   43   43   43   43   43   43   43   43   43   43   43  
   29   29   29   29   29   29   29   29   29   29   29   29   29   29   29   29  
   29   29   29   29   29   29   29   29   29   29   29   29   29   29   29   29  
   41   41   41   41   41   41   41   41   41   41   41   41   41   41   41   41  
   50   50   50   50   50   50   50   50   50   50   50   50   50   50   50   50  
  134  134  134  134  134  134  134  134  134  134  134  134  134  134  134  134  
  143  143  143  143  143  143  143  143  143  143  143  143  143  143  143  143  
  150  150  150  150  150  150  150  150  150  150  150  150  150  150  150  150  
  151  151  151  151  151  151  151  151  151  151  151  151  151  151  151  151  
  150  150  150  150  150  150  150  150  150  150  150  150  150  150  150  150  
 
-->B_bmp = cvtColor(A_bmp,"CV_RGB2GRAY",0)
 B_bmp  =
 
 
       B_bmp(1)
 
   76   76   76   76   76   76   76   76   76   76   76   76   76   76   76   76  
   76   76   76   76   76   76   76   76   76   76   76   76   76   76   76   76  
   76   76   76   76   76   76   76   76   76   76   76   76   76   76   76   76  
   76   76   76   76   76   76   76   76   76   76   76   76   76   76   76   76  
   76   76   76   76   76   76   76   76   76   76   76   76   76   76   76   76  
   29   29   29   29   29   29   29   29   29   29   29   29   29   29   29   29  
   29   29   29   29   29   29   29   29   29   29   29   29   29   29   29   29  
   29   29   29   29   29   29   29   29   29   29   29   29   29   29   29   29  
   29   29   29   29   29   29   29   29   29   29   29   29   29   29   29   29  
   29   29   29   29   29   29   29   29   29   29   29   29   29   29   29   29  
   29   29   29   29   29   29   29   29   29   29   29   29   29   29   29   29  
  150  150  150  150  150  150  150  150  150  150  150  150  150  150  150  150  
  150  150  150  150  150  150  150  150  150  150  150  150  150  150  150  150  
  150  150  150  150  150  150  150  150  150  150  150  150  150  150  150  150  
  150  150  150  150  150  150  150  150  150  150  150  150  150  150  150  150  
  150  150  150  150  150  150  150  150  150  150  150  150  150  150  150  150  
 
-->B_tif = cvtColor(A_tif,"CV_RGB2GRAY",0)
 B_tif  =
 
 
       B_tif(1)
 
   76   76   76   76   76   76   76   76   76   76   76   76   76   76   76   76  
   76   76   76   76   76   76   76   76   76   76   76   76   76   76   76   76  
   76   76   76   76   76   76   76   76   76   76   76   76   76   76   76   76  
   76   76   76   76   76   76   76   76   76   76   76   76   76   76   76   76  
   76   76   76   76   76   76   76   76   76   76   76   76   76   76   76   76  
   29   29   29   29   29   29   29   29   29   29   29   29   29   29   29   29  
   29   29   29   29   29   29   29   29   29   29   29   29   29   29   29   29  
   29   29   29   29   29   29   29   29   29   29   29   29   29   29   29   29  
   29   29   29   29   29   29   29   29   29   29   29   29   29   29   29   29  
   29   29   29   29   29   29   29   29   29   29   29   29   29   29   29   29  
   29   29   29   29   29   29   29   29   29   29   29   29   29   29   29   29  
  150  150  150  150  150  150  150  150  150  150  150  150  150  150  150  150  
  150  150  150  150  150  150  150  150  150  150  150  150  150  150  150  150  
  150  150  150  150  150  150  150  150  150  150  150  150  150  150  150  150  
  150  150  150  150  150  150  150  150  150  150  150  150  150  150  150  150  
  150  150  150  150  150  150  150  150  150  150  150  150  150  150  150  150  
 
-->diary('Scilab_Gray.txt','close')
