 ans  =
 
    1.  
 
-->C_jpeg=cvtColor(B_jpeg,"CV_HLS2RGB",0)
 C_jpeg  =
 
 
       C_jpeg(1)
 
    1    1    1    1    1    1    1    1    1    1    1    1    1    1    1    1  
    0    0    0    0    0    0    0    0    0    0    0    0    0    0    0    0  
    1    1    1    1    1    1    1    1    1    1    1    1    1    1    1    1  
   29   29   29   29   29   29   29   29   29   29   29   29   29   29   29   29  
   73   73   73   73   73   73   73   73   73   73   73   73   73   73   73   73  
  175  175  175  175  175  175  175  175  175  175  175  175  175  175  175  175  
  227  227  227  227  227  227  227  227  227  227  227  227  227  227  227  227  
  252  252  252  252  252  252  252  252  252  252  252  252  252  252  252  252  
  254  254  254  254  254  254  254  254  254  254  254  254  254  254  254  254  
  218  218  218  218  218  218  218  218  218  218  218  218  218  218  218  218  
  130  130  130  130  130  130  130  130  130  130  130  130  130  130  130  130  
  126  126  126  126  126  126  126  126  126  126  126  126  126  126  126  126  
   36   36   36   36   36   36   36   36   36   36   36   36   36   36   36   36  
    1    1    1    1    1    1    1    1    1    1    1    1    1    1    1    1  
    2    2    2    2    2    2    2    2    2    2    2    2    2    2    2    2  
    3    3    3    3    3    3    3    3    3    3    3    3    3    3    3    3  
 
       C_jpeg(2)
 
    1    1    1    1    1    1    1    1    1    1    1    1    1    1    1    1  
    0    0    0    0    0    0    0    0    0    0    0    0    0    0    0    0  
    1    1    1    1    1    1    1    1    1    1    1    1    1    1    1    1  
    0    0    0    0    0    0    0    0    0    0    0    0    0    0    0    0  
    0    0    0    0    0    0    0    0    0    0    0    0    0    0    0    0  
   21   21   21   21   21   21   21   21   21   21   21   21   21   21   21   21  
    7    7    7    7    7    7    7    7    7    7    7    7    7    7    7    7  
    0    0    0    0    0    0    0    0    0    0    0    0    0    0    0    0  
    0    0    0    0    0    0    0    0    0    0    0    0    0    0    0    0  
   29   29   29   29   29   29   29   29   29   29   29   29   29   29   29   29  
   61   61   61   61   61   61   61   61   61   61   61   61   61   61   61   61  
  188  188  188  188  188  188  188  188  188  188  188  188  188  188  188  188  
  235  235  235  235  235  235  235  235  235  235  235  235  235  235  235  235  
  255  255  255  255  255  255  255  255  255  255  255  255  255  255  255  255  
  254  254  254  254  254  254  254  254  254  254  254  254  254  254  254  254  
  251  251  251  251  251  251  251  251  251  251  251  251  251  251  251  251  
 
       C_jpeg(3)
 
  255  255  255  255  255  255  255  255  255  255  255  255  255  255  255  255  
  252  252  252  252  252  252  252  252  252  252  252  252  252  252  252  252  
  253  253  253  253  253  253  253  253  253  253  253  253  253  253  253  253  
  214  214  214  214  214  214  214  214  214  214  214  214  214  214  214  214  
  136  136  136  136  136  136  136  136  136  136  136  136  136  136  136  136  
  113  113  113  113  113  113  113  113  113  113  113  113  113  113  113  113  
   44   44   44   44   44   44   44   44   44   44   44   44   44   44   44   44  
    0    0    0    0    0    0    0    0    0    0    0    0    0    0    0    0  
    0    0    0    0    0    0    0    0    0    0    0    0    0    0    0    0  
    0    0    0    0    0    0    0    0    0    0    0    0    0    0    0    0  
    0    0    0    0    0    0    0    0    0    0    0    0    0    0    0    0  
   32   32   32   32   32   32   32   32   32   32   32   32   32   32   32   32  
    5    5    5    5    5    5    5    5    5    5    5    5    5    5    5    5  
    1    1    1    1    1    1    1    1    1    1    1    1    1    1    1    1  
    2    2    2    2    2    2    2    2    2    2    2    2    2    2    2    2  
    3    3    3    3    3    3    3    3    3    3    3    3    3    3    3    3  
 
-->//B_png=cvtColor(B_png,"CV_Lab2BRG",0)
 
-->C_bmp = cvtColor(B_bmp,"CV_HLS2RGB",0)
 C_bmp  =
 
 
       C_bmp(1)
 
    1    1    1    1    1    1    1    1    1    1    1    1    1    1    1    1  
    1    1    1    1    1    1    1    1    1    1    1    1    1    1    1    1  
    1    1    1    1    1    1    1    1    1    1    1    1    1    1    1    1  
    1    1    1    1    1    1    1    1    1    1    1    1    1    1    1    1  
    1    1    1    1    1    1    1    1    1    1    1    1    1    1    1    1  
  255  255  255  255  255  255  255  255  255  255  255  255  255  255  255  255  
  255  255  255  255  255  255  255  255  255  255  255  255  255  255  255  255  
  255  255  255  255  255  255  255  255  255  255  255  255  255  255  255  255  
  255  255  255  255  255  255  255  255  255  255  255  255  255  255  255  255  
  255  255  255  255  255  255  255  255  255  255  255  255  255  255  255  255  
  255  255  255  255  255  255  255  255  255  255  255  255  255  255  255  255  
    1    1    1    1    1    1    1    1    1    1    1    1    1    1    1    1  
    1    1    1    1    1    1    1    1    1    1    1    1    1    1    1    1  
    1    1    1    1    1    1    1    1    1    1    1    1    1    1    1    1  
    1    1    1    1    1    1    1    1    1    1    1    1    1    1    1    1  
    1    1    1    1    1    1    1    1    1    1    1    1    1    1    1    1  
 
       C_bmp(2)
 
    1    1    1    1    1    1    1    1    1    1    1    1    1    1    1    1  
    1    1    1    1    1    1    1    1    1    1    1    1    1    1    1    1  
    1    1    1    1    1    1    1    1    1    1    1    1    1    1    1    1  
    1    1    1    1    1    1    1    1    1    1    1    1    1    1    1    1  
    1    1    1    1    1    1    1    1    1    1    1    1    1    1    1    1  
    1    1    1    1    1    1    1    1    1    1    1    1    1    1    1    1  
    1    1    1    1    1    1    1    1    1    1    1    1    1    1    1    1  
    1    1    1    1    1    1    1    1    1    1    1    1    1    1    1    1  
    1    1    1    1    1    1    1    1    1    1    1    1    1    1    1    1  
    1    1    1    1    1    1    1    1    1    1    1    1    1    1    1    1  
    1    1    1    1    1    1    1    1    1    1    1    1    1    1    1    1  
  255  255  255  255  255  255  255  255  255  255  255  255  255  255  255  255  
  255  255  255  255  255  255  255  255  255  255  255  255  255  255  255  255  
  255  255  255  255  255  255  255  255  255  255  255  255  255  255  255  255  
  255  255  255  255  255  255  255  255  255  255  255  255  255  255  255  255  
  255  255  255  255  255  255  255  255  255  255  255  255  255  255  255  255  
 
       C_bmp(3)
 
  255  255  255  255  255  255  255  255  255  255  255  255  255  255  255  255  
  255  255  255  255  255  255  255  255  255  255  255  255  255  255  255  255  
  255  255  255  255  255  255  255  255  255  255  255  255  255  255  255  255  
  255  255  255  255  255  255  255  255  255  255  255  255  255  255  255  255  
  255  255  255  255  255  255  255  255  255  255  255  255  255  255  255  255  
    1    1    1    1    1    1    1    1    1    1    1    1    1    1    1    1  
    1    1    1    1    1    1    1    1    1    1    1    1    1    1    1    1  
    1    1    1    1    1    1    1    1    1    1    1    1    1    1    1    1  
    1    1    1    1    1    1    1    1    1    1    1    1    1    1    1    1  
    1    1    1    1    1    1    1    1    1    1    1    1    1    1    1    1  
    1    1    1    1    1    1    1    1    1    1    1    1    1    1    1    1  
    1    1    1    1    1    1    1    1    1    1    1    1    1    1    1    1  
    1    1    1    1    1    1    1    1    1    1    1    1    1    1    1    1  
    1    1    1    1    1    1    1    1    1    1    1    1    1    1    1    1  
    1    1    1    1    1    1    1    1    1    1    1    1    1    1    1    1  
    1    1    1    1    1    1    1    1    1    1    1    1    1    1    1    1  
 
-->C_tif=cvtColor(B_tif,"CV_HLS2RGB",0)
 C_tif  =
 
 
       C_tif(1)
 
    1    1    1    1    1    1    1    1    1    1    1    1    1    1    1    1  
    1    1    1    1    1    1    1    1    1    1    1    1    1    1    1    1  
    1    1    1    1    1    1    1    1    1    1    1    1    1    1    1    1  
    1    1    1    1    1    1    1    1    1    1    1    1    1    1    1    1  
    1    1    1    1    1    1    1    1    1    1    1    1    1    1    1    1  
  255  255  255  255  255  255  255  255  255  255  255  255  255  255  255  255  
  255  255  255  255  255  255  255  255  255  255  255  255  255  255  255  255  
  255  255  255  255  255  255  255  255  255  255  255  255  255  255  255  255  
  255  255  255  255  255  255  255  255  255  255  255  255  255  255  255  255  
  255  255  255  255  255  255  255  255  255  255  255  255  255  255  255  255  
  255  255  255  255  255  255  255  255  255  255  255  255  255  255  255  255  
    1    1    1    1    1    1    1    1    1    1    1    1    1    1    1    1  
    1    1    1    1    1    1    1    1    1    1    1    1    1    1    1    1  
    1    1    1    1    1    1    1    1    1    1    1    1    1    1    1    1  
    1    1    1    1    1    1    1    1    1    1    1    1    1    1    1    1  
    1    1    1    1    1    1    1    1    1    1    1    1    1    1    1    1  
 
       C_tif(2)
 
    1    1    1    1    1    1    1    1    1    1    1    1    1    1    1    1  
    1    1    1    1    1    1    1    1    1    1    1    1    1    1    1    1  
    1    1    1    1    1    1    1    1    1    1    1    1    1    1    1    1  
    1    1    1    1    1    1    1    1    1    1    1    1    1    1    1    1  
    1    1    1    1    1    1    1    1    1    1    1    1    1    1    1    1  
    1    1    1    1    1    1    1    1    1    1    1    1    1    1    1    1  
    1    1    1    1    1    1    1    1    1    1    1    1    1    1    1    1  
    1    1    1    1    1    1    1    1    1    1    1    1    1    1    1    1  
    1    1    1    1    1    1    1    1    1    1    1    1    1    1    1    1  
    1    1    1    1    1    1    1    1    1    1    1    1    1    1    1    1  
    1    1    1    1    1    1    1    1    1    1    1    1    1    1    1    1  
  255  255  255  255  255  255  255  255  255  255  255  255  255  255  255  255  
  255  255  255  255  255  255  255  255  255  255  255  255  255  255  255  255  
  255  255  255  255  255  255  255  255  255  255  255  255  255  255  255  255  
  255  255  255  255  255  255  255  255  255  255  255  255  255  255  255  255  
  255  255  255  255  255  255  255  255  255  255  255  255  255  255  255  255  
 
       C_tif(3)
 
  255  255  255  255  255  255  255  255  255  255  255  255  255  255  255  255  
  255  255  255  255  255  255  255  255  255  255  255  255  255  255  255  255  
  255  255  255  255  255  255  255  255  255  255  255  255  255  255  255  255  
  255  255  255  255  255  255  255  255  255  255  255  255  255  255  255  255  
  255  255  255  255  255  255  255  255  255  255  255  255  255  255  255  255  
    1    1    1    1    1    1    1    1    1    1    1    1    1    1    1    1  
    1    1    1    1    1    1    1    1    1    1    1    1    1    1    1    1  
    1    1    1    1    1    1    1    1    1    1    1    1    1    1    1    1  
    1    1    1    1    1    1    1    1    1    1    1    1    1    1    1    1  
    1    1    1    1    1    1    1    1    1    1    1    1    1    1    1    1  
    1    1    1    1    1    1    1    1    1    1    1    1    1    1    1    1  
    1    1    1    1    1    1    1    1    1    1    1    1    1    1    1    1  
    1    1    1    1    1    1    1    1    1    1    1    1    1    1    1    1  
    1    1    1    1    1    1    1    1    1    1    1    1    1    1    1    1  
    1    1    1    1    1    1    1    1    1    1    1    1    1    1    1    1  
    1    1    1    1    1    1    1    1    1    1    1    1    1    1    1    1  
 
-->diary(0)
