 ans  =
 
    1.  
 
-->B_jpeg=cvtColor(A_jpeg,"CV_RGB2HLS",0)
 B_jpeg  =
 
 
       B_jpeg(1)
 
  255  255  255  255  255  255  255  255  255  255  255  255  255  255  255  255  
  255  255  255  255  255  255  255  255  255  255  255  255  255  255  255  255  
  253  253  253  253  253  253  253  253  253  253  253  253  253  253  253  253  
  255  255  255  255  255  255  255  255  255  255  255  255  255  255  255  255  
  255  255  255  255  255  255  255  255  255  255  255  255  255  255  255  255  
  200  200  200  200  200  200  200  200  200  200  200  200  200  200  200  200  
  240  240  240  240  240  240  240  240  240  240  240  240  240  240  240  240  
  255  255  255  255  255  255  255  255  255  255  255  255  255  255  255  255  
  255  255  255  255  255  255  255  255  255  255  255  255  255  255  255  255  
  255  255  255  255  255  255  255  255  255  255  255  255  255  255  255  255  
  255  255  255  255  255  255  255  255  255  255  255  255  255  255  255  255  
  180  180  180  180  180  180  180  180  180  180  180  180  180  180  180  180  
  244  244  244  244  244  244  244  244  244  244  244  244  244  244  244  244  
  255  255  255  255  255  255  255  255  255  255  255  255  255  255  255  255  
  253  253  253  253  253  253  253  253  253  253  253  253  253  253  253  253  
  249  249  249  249  249  249  249  249  249  249  249  249  249  249  249  249  
 
       B_jpeg(2)
 
  128  128  128  128  128  128  128  128  128  128  128  128  128  128  128  128  
  126  126  126  126  126  126  126  126  126  126  126  126  126  126  126  126  
  127  127  127  127  127  127  127  127  127  127  127  127  127  127  127  127  
  107  107  107  107  107  107  107  107  107  107  107  107  107  107  107  107  
   68   68   68   68   68   68   68   68   68   68   68   68   68   68   68   68  
   98   98   98   98   98   98   98   98   98   98   98   98   98   98   98   98  
  117  117  117  117  117  117  117  117  117  117  117  117  117  117  117  117  
  126  126  126  126  126  126  126  126  126  126  126  126  126  126  126  126  
  127  127  127  127  127  127  127  127  127  127  127  127  127  127  127  127  
  109  109  109  109  109  109  109  109  109  109  109  109  109  109  109  109  
   65   65   65   65   65   65   65   65   65   65   65   65   65   65   65   65  
  110  110  110  110  110  110  110  110  110  110  110  110  110  110  110  110  
  120  120  120  120  120  120  120  120  120  120  120  120  120  120  120  120  
  128  128  128  128  128  128  128  128  128  128  128  128  128  128  128  128  
  128  128  128  128  128  128  128  128  128  128  128  128  128  128  128  128  
  127  127  127  127  127  127  127  127  127  127  127  127  127  127  127  127  
 
       B_jpeg(3)
 
  180  180  180  180  180  180  180  180  180  180  180  180  180  180  180  180  
  180  180  180  180  180  180  180  180  180  180  180  180  180  180  180  180  
  180  180  180  180  180  180  180  180  180  180  180  180  180  180  180  180  
  176  176  176  176  176  176  176  176  176  176  176  176  176  176  176  176  
  164  164  164  164  164  164  164  164  164  164  164  164  164  164  164  164  
  138  138  138  138  138  138  138  138  138  138  138  138  138  138  138  138  
  125  125  125  125  125  125  125  125  125  125  125  125  125  125  125  125  
  120  120  120  120  120  120  120  120  120  120  120  120  120  120  120  120  
  120  120  120  120  120  120  120  120  120  120  120  120  120  120  120  120  
  116  116  116  116  116  116  116  116  116  116  116  116  116  116  116  116  
  106  106  106  106  106  106  106  106  106  106  106  106  106  106  106  106  
   78   78   78   78   78   78   78   78   78   78   78   78   78   78   78   78  
   64   64   64   64   64   64   64   64   64   64   64   64   64   64   64   64  
   60   60   60   60   60   60   60   60   60   60   60   60   60   60   60   60  
   60   60   60   60   60   60   60   60   60   60   60   60   60   60   60   60  
   60   60   60   60   60   60   60   60   60   60   60   60   60   60   60   60  
 
-->//B_png=cvtColor(A_png,"CV_BGR2HSVb",0)
 
-->B_bmp = cvtColor(A_bmp,"CV_RGB2HLS",0)
 B_bmp  =
 
 
       B_bmp(1)
 
  255  255  255  255  255  255  255  255  255  255  255  255  255  255  255  255  
  255  255  255  255  255  255  255  255  255  255  255  255  255  255  255  255  
  255  255  255  255  255  255  255  255  255  255  255  255  255  255  255  255  
  255  255  255  255  255  255  255  255  255  255  255  255  255  255  255  255  
  255  255  255  255  255  255  255  255  255  255  255  255  255  255  255  255  
  255  255  255  255  255  255  255  255  255  255  255  255  255  255  255  255  
  255  255  255  255  255  255  255  255  255  255  255  255  255  255  255  255  
  255  255  255  255  255  255  255  255  255  255  255  255  255  255  255  255  
  255  255  255  255  255  255  255  255  255  255  255  255  255  255  255  255  
  255  255  255  255  255  255  255  255  255  255  255  255  255  255  255  255  
  255  255  255  255  255  255  255  255  255  255  255  255  255  255  255  255  
  255  255  255  255  255  255  255  255  255  255  255  255  255  255  255  255  
  255  255  255  255  255  255  255  255  255  255  255  255  255  255  255  255  
  255  255  255  255  255  255  255  255  255  255  255  255  255  255  255  255  
  255  255  255  255  255  255  255  255  255  255  255  255  255  255  255  255  
  255  255  255  255  255  255  255  255  255  255  255  255  255  255  255  255  
 
       B_bmp(2)
 
  128  128  128  128  128  128  128  128  128  128  128  128  128  128  128  128  
  128  128  128  128  128  128  128  128  128  128  128  128  128  128  128  128  
  128  128  128  128  128  128  128  128  128  128  128  128  128  128  128  128  
  128  128  128  128  128  128  128  128  128  128  128  128  128  128  128  128  
  128  128  128  128  128  128  128  128  128  128  128  128  128  128  128  128  
  128  128  128  128  128  128  128  128  128  128  128  128  128  128  128  128  
  128  128  128  128  128  128  128  128  128  128  128  128  128  128  128  128  
  128  128  128  128  128  128  128  128  128  128  128  128  128  128  128  128  
  128  128  128  128  128  128  128  128  128  128  128  128  128  128  128  128  
  128  128  128  128  128  128  128  128  128  128  128  128  128  128  128  128  
  128  128  128  128  128  128  128  128  128  128  128  128  128  128  128  128  
  128  128  128  128  128  128  128  128  128  128  128  128  128  128  128  128  
  128  128  128  128  128  128  128  128  128  128  128  128  128  128  128  128  
  128  128  128  128  128  128  128  128  128  128  128  128  128  128  128  128  
  128  128  128  128  128  128  128  128  128  128  128  128  128  128  128  128  
  128  128  128  128  128  128  128  128  128  128  128  128  128  128  128  128  
 
       B_bmp(3)
 
    0    0    0    0    0    0    0    0    0    0    0    0    0    0    0    0  
    0    0    0    0    0    0    0    0    0    0    0    0    0    0    0    0  
    0    0    0    0    0    0    0    0    0    0    0    0    0    0    0    0  
    0    0    0    0    0    0    0    0    0    0    0    0    0    0    0    0  
    0    0    0    0    0    0    0    0    0    0    0    0    0    0    0    0  
  120  120  120  120  120  120  120  120  120  120  120  120  120  120  120  120  
  120  120  120  120  120  120  120  120  120  120  120  120  120  120  120  120  
  120  120  120  120  120  120  120  120  120  120  120  120  120  120  120  120  
  120  120  120  120  120  120  120  120  120  120  120  120  120  120  120  120  
  120  120  120  120  120  120  120  120  120  120  120  120  120  120  120  120  
  120  120  120  120  120  120  120  120  120  120  120  120  120  120  120  120  
   60   60   60   60   60   60   60   60   60   60   60   60   60   60   60   60  
   60   60   60   60   60   60   60   60   60   60   60   60   60   60   60   60  
   60   60   60   60   60   60   60   60   60   60   60   60   60   60   60   60  
   60   60   60   60   60   60   60   60   60   60   60   60   60   60   60   60  
   60   60   60   60   60   60   60   60   60   60   60   60   60   60   60   60  
 
-->B_tif=cvtColor(A_tif,"CV_RGB2HLS",0)
 B_tif  =
 
 
       B_tif(1)
 
  255  255  255  255  255  255  255  255  255  255  255  255  255  255  255  255  
  255  255  255  255  255  255  255  255  255  255  255  255  255  255  255  255  
  255  255  255  255  255  255  255  255  255  255  255  255  255  255  255  255  
  255  255  255  255  255  255  255  255  255  255  255  255  255  255  255  255  
  255  255  255  255  255  255  255  255  255  255  255  255  255  255  255  255  
  255  255  255  255  255  255  255  255  255  255  255  255  255  255  255  255  
  255  255  255  255  255  255  255  255  255  255  255  255  255  255  255  255  
  255  255  255  255  255  255  255  255  255  255  255  255  255  255  255  255  
  255  255  255  255  255  255  255  255  255  255  255  255  255  255  255  255  
  255  255  255  255  255  255  255  255  255  255  255  255  255  255  255  255  
  255  255  255  255  255  255  255  255  255  255  255  255  255  255  255  255  
  255  255  255  255  255  255  255  255  255  255  255  255  255  255  255  255  
  255  255  255  255  255  255  255  255  255  255  255  255  255  255  255  255  
  255  255  255  255  255  255  255  255  255  255  255  255  255  255  255  255  
  255  255  255  255  255  255  255  255  255  255  255  255  255  255  255  255  
  255  255  255  255  255  255  255  255  255  255  255  255  255  255  255  255  
 
       B_tif(2)
 
  128  128  128  128  128  128  128  128  128  128  128  128  128  128  128  128  
  128  128  128  128  128  128  128  128  128  128  128  128  128  128  128  128  
  128  128  128  128  128  128  128  128  128  128  128  128  128  128  128  128  
  128  128  128  128  128  128  128  128  128  128  128  128  128  128  128  128  
  128  128  128  128  128  128  128  128  128  128  128  128  128  128  128  128  
  128  128  128  128  128  128  128  128  128  128  128  128  128  128  128  128  
  128  128  128  128  128  128  128  128  128  128  128  128  128  128  128  128  
  128  128  128  128  128  128  128  128  128  128  128  128  128  128  128  128  
  128  128  128  128  128  128  128  128  128  128  128  128  128  128  128  128  
  128  128  128  128  128  128  128  128  128  128  128  128  128  128  128  128  
  128  128  128  128  128  128  128  128  128  128  128  128  128  128  128  128  
  128  128  128  128  128  128  128  128  128  128  128  128  128  128  128  128  
  128  128  128  128  128  128  128  128  128  128  128  128  128  128  128  128  
  128  128  128  128  128  128  128  128  128  128  128  128  128  128  128  128  
  128  128  128  128  128  128  128  128  128  128  128  128  128  128  128  128  
  128  128  128  128  128  128  128  128  128  128  128  128  128  128  128  128  
 
       B_tif(3)
 
    0    0    0    0    0    0    0    0    0    0    0    0    0    0    0    0  
    0    0    0    0    0    0    0    0    0    0    0    0    0    0    0    0  
    0    0    0    0    0    0    0    0    0    0    0    0    0    0    0    0  
    0    0    0    0    0    0    0    0    0    0    0    0    0    0    0    0  
    0    0    0    0    0    0    0    0    0    0    0    0    0    0    0    0  
  120  120  120  120  120  120  120  120  120  120  120  120  120  120  120  120  
  120  120  120  120  120  120  120  120  120  120  120  120  120  120  120  120  
  120  120  120  120  120  120  120  120  120  120  120  120  120  120  120  120  
  120  120  120  120  120  120  120  120  120  120  120  120  120  120  120  120  
  120  120  120  120  120  120  120  120  120  120  120  120  120  120  120  120  
  120  120  120  120  120  120  120  120  120  120  120  120  120  120  120  120  
   60   60   60   60   60   60   60   60   60   60   60   60   60   60   60   60  
   60   60   60   60   60   60   60   60   60   60   60   60   60   60   60   60  
   60   60   60   60   60   60   60   60   60   60   60   60   60   60   60   60  
   60   60   60   60   60   60   60   60   60   60   60   60   60   60   60   60  
   60   60   60   60   60   60   60   60   60   60   60   60   60   60   60   60  
 
-->diary(0)
