Ajpeg = imread('A.jpeg')

Ajpeg(:,:,1) =

    0    0   16   43   79  165  212  236  239  206  121  127   54   15    6    1
    0    0   16   43   79  165  212  236  239  206  121  127   54   15    6    1
    0    0   16   43   79  165  212  236  239  206  121  127   54   15    6    1
    0    0   16   43   79  165  212  236  239  206  121  127   54   15    6    1
    0    0   16   43   79  165  212  236  239  206  121  127   54   15    6    1
    0    0   16   43   79  165  212  236  239  206  121  127   54   15    6    1
    0    0   16   43   79  165  212  236  239  206  121  127   54   15    6    1
    0    0   16   43   79  165  212  236  239  206  121  127   54   15    6    1
    0    0   16   43   79  165  212  236  239  206  121  127   54   15    6    1
    0    0   16   43   79  165  212  236  239  206  121  127   54   15    6    1
    0    0   16   43   79  165  212  236  239  206  121  127   54   15    6    1
    0    0   16   43   79  165  212  236  239  206  121  127   54   15    6    1
    0    0   16   43   79  165  212  236  239  206  121  127   54   15    6    1
    0    0   16   43   79  165  212  236  239  206  121  127   54   15    6    1
    0    0   16   43   79  165  212  236  239  206  121  127   54   15    6    1
    0    0   16   43   79  165  212  236  239  206  121  127   54   15    6    1


Ajpeg(:,:,2) =

    6    0    0    0    0   28   13    4    8   34   65  186  222  246  250  252
    6    0    0    0    0   28   13    4    8   34   65  186  222  246  250  252
    6    0    0    0    0   28   13    4    8   34   65  186  222  246  250  252
    6    0    0    0    0   28   13    4    8   34   65  186  222  246  250  252
    6    0    0    0    0   28   13    4    8   34   65  186  222  246  250  252
    6    0    0    0    0   28   13    4    8   34   65  186  222  246  250  252
    6    0    0    0    0   28   13    4    8   34   65  186  222  246  250  252
    6    0    0    0    0   28   13    4    8   34   65  186  222  246  250  252
    6    0    0    0    0   28   13    4    8   34   65  186  222  246  250  252
    6    0    0    0    0   28   13    4    8   34   65  186  222  246  250  252
    6    0    0    0    0   28   13    4    8   34   65  186  222  246  250  252
    6    0    0    0    0   28   13    4    8   34   65  186  222  246  250  252
    6    0    0    0    0   28   13    4    8   34   65  186  222  246  250  252
    6    0    0    0    0   28   13    4    8   34   65  186  222  246  250  252
    6    0    0    0    0   28   13    4    8   34   65  186  222  246  250  252
    6    0    0    0    0   28   13    4    8   34   65  186  222  246  250  252


Ajpeg(:,:,3) =

  255  244  234  200  139  120   56   17    2    0    0   42   21    8    4    0
  255  244  234  200  139  120   56   17    2    0    0   42   21    8    4    0
  255  244  234  200  139  120   56   17    2    0    0   42   21    8    4    0
  255  244  234  200  139  120   56   17    2    0    0   42   21    8    4    0
  255  244  234  200  139  120   56   17    2    0    0   42   21    8    4    0
  255  244  234  200  139  120   56   17    2    0    0   42   21    8    4    0
  255  244  234  200  139  120   56   17    2    0    0   42   21    8    4    0
  255  244  234  200  139  120   56   17    2    0    0   42   21    8    4    0
  255  244  234  200  139  120   56   17    2    0    0   42   21    8    4    0
  255  244  234  200  139  120   56   17    2    0    0   42   21    8    4    0
  255  244  234  200  139  120   56   17    2    0    0   42   21    8    4    0
  255  244  234  200  139  120   56   17    2    0    0   42   21    8    4    0
  255  244  234  200  139  120   56   17    2    0    0   42   21    8    4    0
  255  244  234  200  139  120   56   17    2    0    0   42   21    8    4    0
  255  244  234  200  139  120   56   17    2    0    0   42   21    8    4    0
  255  244  234  200  139  120   56   17    2    0    0   42   21    8    4    0

Apng = imread('A.png')

Apng(:,:,1) =

    3    1    2   26   74  174  227  252  253  217  130  126   37    0    1    3
    3    1    2   26   74  174  227  252  253  217  130  126   37    0    1    3
    3    1    2   26   74  174  227  252  253  217  130  126   37    0    1    3
    3    1    2   26   74  174  227  252  253  217  130  126   37    0    1    3
    3    1    2   26   74  174  227  252  253  217  130  126   37    0    1    3
    3    1    2   26   74  174  227  252  253  217  130  126   37    0    1    3
    3    1    2   26   74  174  227  252  253  217  130  126   37    0    1    3
    3    1    2   26   74  174  227  252  253  217  130  126   37    0    1    3
    3    1    2   26   74  174  227  252  253  217  130  126   37    0    1    3
    3    1    2   26   74  174  227  252  253  217  130  126   37    0    1    3
    3    1    2   26   74  174  227  252  253  217  130  126   37    0    1    3
    3    1    2   26   74  174  227  252  253  217  130  126   37    0    1    3
    3    1    2   26   74  174  227  252  253  217  130  126   37    0    1    3
    3    1    2   26   74  174  227  252  253  217  130  126   37    0    1    3
    3    1    2   26   74  174  227  252  253  217  130  126   37    0    1    3
    3    1    2   26   74  174  227  252  253  217  130  126   37    0    1    3


Apng(:,:,2) =

    0    0    1    0    0   21    7    0    0   27   60  187  234  255  254  251
    0    0    1    0    0   21    7    0    0   27   60  187  234  255  254  251
    0    0    1    0    0   21    7    0    0   27   60  187  234  255  254  251
    0    0    1    0    0   21    7    0    0   27   60  187  234  255  254  251
    0    0    1    0    0   21    7    0    0   27   60  187  234  255  254  251
    0    0    1    0    0   21    7    0    0   27   60  187  234  255  254  251
    0    0    1    0    0   21    7    0    0   27   60  187  234  255  254  251
    0    0    1    0    0   21    7    0    0   27   60  187  234  255  254  251
    0    0    1    0    0   21    7    0    0   27   60  187  234  255  254  251
    0    0    1    0    0   21    7    0    0   27   60  187  234  255  254  251
    0    0    1    0    0   21    7    0    0   27   60  187  234  255  254  251
    0    0    1    0    0   21    7    0    0   27   60  187  234  255  254  251
    0    0    1    0    0   21    7    0    0   27   60  187  234  255  254  251
    0    0    1    0    0   21    7    0    0   27   60  187  234  255  254  251
    0    0    1    0    0   21    7    0    0   27   60  187  234  255  254  251
    0    0    1    0    0   21    7    0    0   27   60  187  234  255  254  251


Apng(:,:,3) =

  255  252  253  213  137  111   42    2    0    0    0   32    5    0    5    7
  255  252  253  213  137  111   42    2    0    0    0   32    5    0    5    7
  255  252  253  213  137  111   42    2    0    0    0   32    5    0    5    7
  255  252  253  213  137  111   42    2    0    0    0   32    5    0    5    7
  255  252  253  213  137  111   42    2    0    0    0   32    5    0    5    7
  255  252  253  213  137  111   42    2    0    0    0   32    5    0    5    7
  255  252  253  213  137  111   42    2    0    0    0   32    5    0    5    7
  255  252  253  213  137  111   42    2    0    0    0   32    5    0    5    7
  255  252  253  213  137  111   42    2    0    0    0   32    5    0    5    7
  255  252  253  213  137  111   42    2    0    0    0   32    5    0    5    7
  255  252  253  213  137  111   42    2    0    0    0   32    5    0    5    7
  255  252  253  213  137  111   42    2    0    0    0   32    5    0    5    7
  255  252  253  213  137  111   42    2    0    0    0   32    5    0    5    7
  255  252  253  213  137  111   42    2    0    0    0   32    5    0    5    7
  255  252  253  213  137  111   42    2    0    0    0   32    5    0    5    7
  255  252  253  213  137  111   42    2    0    0    0   32    5    0    5    7

Abmp = imread('A.bmp')

Abmp(:,:,1) =

    3    1    2   26   74  174  227  252  253  217  130  126   37    0    1    3
    3    1    2   26   74  174  227  252  253  217  130  126   37    0    1    3
    3    1    2   26   74  174  227  252  253  217  130  126   37    0    1    3
    3    1    2   26   74  174  227  252  253  217  130  126   37    0    1    3
    3    1    2   26   74  174  227  252  253  217  130  126   37    0    1    3
    3    1    2   26   74  174  227  252  253  217  130  126   37    0    1    3
    3    1    2   26   74  174  227  252  253  217  130  126   37    0    1    3
    3    1    2   26   74  174  227  252  253  217  130  126   37    0    1    3
    3    1    2   26   74  174  227  252  253  217  130  126   37    0    1    3
    3    1    2   26   74  174  227  252  253  217  130  126   37    0    1    3
    3    1    2   26   74  174  227  252  253  217  130  126   37    0    1    3
    3    1    2   26   74  174  227  252  253  217  130  126   37    0    1    3
    3    1    2   26   74  174  227  252  253  217  130  126   37    0    1    3
    3    1    2   26   74  174  227  252  253  217  130  126   37    0    1    3
    3    1    2   26   74  174  227  252  253  217  130  126   37    0    1    3
    3    1    2   26   74  174  227  252  253  217  130  126   37    0    1    3


Abmp(:,:,2) =

    0    0    1    0    0   21    7    0    0   27   60  187  234  255  254  251
    0    0    1    0    0   21    7    0    0   27   60  187  234  255  254  251
    0    0    1    0    0   21    7    0    0   27   60  187  234  255  254  251
    0    0    1    0    0   21    7    0    0   27   60  187  234  255  254  251
    0    0    1    0    0   21    7    0    0   27   60  187  234  255  254  251
    0    0    1    0    0   21    7    0    0   27   60  187  234  255  254  251
    0    0    1    0    0   21    7    0    0   27   60  187  234  255  254  251
    0    0    1    0    0   21    7    0    0   27   60  187  234  255  254  251
    0    0    1    0    0   21    7    0    0   27   60  187  234  255  254  251
    0    0    1    0    0   21    7    0    0   27   60  187  234  255  254  251
    0    0    1    0    0   21    7    0    0   27   60  187  234  255  254  251
    0    0    1    0    0   21    7    0    0   27   60  187  234  255  254  251
    0    0    1    0    0   21    7    0    0   27   60  187  234  255  254  251
    0    0    1    0    0   21    7    0    0   27   60  187  234  255  254  251
    0    0    1    0    0   21    7    0    0   27   60  187  234  255  254  251
    0    0    1    0    0   21    7    0    0   27   60  187  234  255  254  251


Abmp(:,:,3) =

  255  252  253  213  137  111   42    2    0    0    0   32    5    0    5    7
  255  252  253  213  137  111   42    2    0    0    0   32    5    0    5    7
  255  252  253  213  137  111   42    2    0    0    0   32    5    0    5    7
  255  252  253  213  137  111   42    2    0    0    0   32    5    0    5    7
  255  252  253  213  137  111   42    2    0    0    0   32    5    0    5    7
  255  252  253  213  137  111   42    2    0    0    0   32    5    0    5    7
  255  252  253  213  137  111   42    2    0    0    0   32    5    0    5    7
  255  252  253  213  137  111   42    2    0    0    0   32    5    0    5    7
  255  252  253  213  137  111   42    2    0    0    0   32    5    0    5    7
  255  252  253  213  137  111   42    2    0    0    0   32    5    0    5    7
  255  252  253  213  137  111   42    2    0    0    0   32    5    0    5    7
  255  252  253  213  137  111   42    2    0    0    0   32    5    0    5    7
  255  252  253  213  137  111   42    2    0    0    0   32    5    0    5    7
  255  252  253  213  137  111   42    2    0    0    0   32    5    0    5    7
  255  252  253  213  137  111   42    2    0    0    0   32    5    0    5    7
  255  252  253  213  137  111   42    2    0    0    0   32    5    0    5    7

Atif = imread('A.tif')

Atif(:,:,1) =

    3    1    2   26   74  174  227  252  253  217  130  126   37    0    1    3
    3    1    2   26   74  174  227  252  253  217  130  126   37    0    1    3
    3    1    2   26   74  174  227  252  253  217  130  126   37    0    1    3
    3    1    2   26   74  174  227  252  253  217  130  126   37    0    1    3
    3    1    2   26   74  174  22