 ans  =
 
    2.  
 
-->Ajpeg_crop = imcrop(Ajpeg,4,5,7,7)
 Ajpeg_crop  =
 
 
       Ajpeg_crop(1)
 
   74   74   74   74   74   74   74  
  174  174  174  174  174  174  174  
  227  227  227  227  227  227  227  
  252  252  252  252  252  252  252  
  253  253  253  253  253  253  253  
  217  217  217  217  217  217  217  
  130  130  130  130  130  130  130  
 
       Ajpeg_crop(2)
 
   0   0   0   0   0   0   0  
  21  21  21  21  21  21  21  
   7   7   7   7   7   7   7  
   0   0   0   0   0   0   0  
   0   0   0   0   0   0   0  
  27  27  27  27  27  27  27  
  60  60  60  60  60  60  60  
 
       Ajpeg_crop(3)
 
  137  137  137  137  137  137  137  
  111  111  111  111  111  111  111  
   42   42   42   42   42   42   42  
    2    2    2    2    2    2    2  
    0    0    0    0    0    0    0  
    0    0    0    0    0    0    0  
    0    0    0    0    0    0    0  
 
-->Apng_crop = imcrop(Apng,1,1,7,7)
 Apng_crop  =
 
 
       Apng_crop(1)
 
    0    0    0    0    0    0    0  
    0    0    0    0    0    0    0  
  255  255  255  255  255  255  255  
  255  255  255  255  255  255  255  
    0    0    0    0    0    0    0  
    0    0    0    0    0    0    0  
  255  255  255  255  255  255  255  
 
-->Abmp_crop = imcrop(Abmp,6,7,7,7)
 Abmp_crop  =
 
 
       Abmp_crop(1)
 
  255  255  255  255  255  255  255  
  255  255  255  255  255  255  255  
  255  255  255  255  255  255  255  
  255  255  255  255  255  255  255  
  255  255  255  255  255  255  255  
    0    0    0    0    0    0    0  
    0    0    0    0    0    0    0  
 
       Abmp_crop(2)
 
    0    0    0    0    0    0    0  
    0    0    0    0    0    0    0  
    0    0    0    0    0    0    0  
    0    0    0    0    0    0    0  
    0    0    0    0    0    0    0  
  255  255  255  255  255  255  255  
  255  255  255  255  255  255  255  
 
       Abmp_crop(3)
 
  0  0  0  0  0  0  0  
  0  0  0  0  0  0  0  
  0  0  0  0  0  0  0  
  0  0  0  0  0  0  0  
  0  0  0  0  0  0  0  
  0  0  0  0  0  0  0  
  0  0  0  0  0  0  0  
 
-->Atif_crop = imcrop(Atif,10,10,7,7)
Invalid width or height value
 Atif_crop  =
 
    7.  
 
Warning: stack problem..., cleared.

-->Atif_crop = imcrop(Atif,1,1,7,7)
 Atif_crop  =
 
 
       Atif_crop(1)
 
    0    0    0    0    0    0    0  
    0    0    0    0    0    0    0  
    0    0    0    0    0    0    0  
    0    0    0    0    0    0    0  
  255  255  255  255  255  255  255  
  255  255  255  255  255  255  255  
  255  255  255  255  255  255  255  
 
       Atif_crop(2)
 
  0  0  0  0  0  0  0  
  0  0  0  0  0  0  0  
  0  0  0  0  0  0  0  
  0  0  0  0  0  0  0  
  0  0  0  0  0  0  0  
  0  0  0  0  0  0  0  
  0  0  0  0  0  0  0  
 
       Atif_crop(3)
 
  255  255  255  255  255  255  255  
  255  255  255  255  255  255  255  
  255  255  255  255  255  255  255  
  255  255  255  255  255  255  255  
    0    0    0    0    0    0    0  
    0    0    0    0    0    0    0  
    0    0    0    0    0    0    0  
 
-->diary('Scilab_imcrop.txt','close')
