->B_jpeg = circle(A_jpeg, 10, 10, 5, 10, 10, 10, 1, 0, 0)
 B_jpeg  =
 
 
       B_jpeg(1)
 
    3    3    3    3    3    3    3    3    3    3    3    3    3    3    3    3  
    1    1    1    1    1    1    1    1    1    1    1    1    1    1    1    1  
    2    2    2    2    2    2    2    2    2    2    2    2    2    2    2    2  
   26   26   26   26   26   26   26   26   26   26   26   26   26   26   26   26  
   74   74   74   74   74   74   74   74   74   74   74   74   74   74   74   74  
  174  174  174  174  174  174  174  174  174  174   10  174  174  174  174  174  
  227  227  227  227  227  227  227   10   10   10  227   10   10   10  227  227  
  252  252  252  252  252  252   10  252  252  252  252  252  252  252   10  252  
  253  253  253  253  253  253   10  253  253  253  253  253  253  253   10  253  
  217  217  217  217  217  217   10  217  217  217  217  217  217  217   10  217  
  130  130  130  130  130   10  130  130  130  130  130  130  130  130  130   10  
  126  126  126  126  126  126   10  126  126  126  126  126  126  126   10  126  
   37   37   37   37   37   37   10   37   37   37   37   37   37   37   10   37  
    0    0    0    0    0    0   10    0    0    0    0    0    0    0   10    0  
    1    1    1    1    1    1    1   10   10   10    1   10   10   10    1    1  
    3    3    3    3    3    3    3    3    3    3   10    3    3    3    3    3  
 
       B_jpeg(2)
 
    0    0    0    0    0    0    0    0    0    0    0    0    0    0    0    0  
    0    0    0    0    0    0    0    0    0    0    0    0    0    0    0    0  
    1    1    1    1    1    1    1    1    1    1    1    1    1    1    1    1  
    0    0    0    0    0    0    0    0    0    0    0    0    0    0    0    0  
    0    0    0    0    0    0    0    0    0    0    0    0    0    0    0    0  
   21   21   21   21   21   21   21   21   21   21   10   21   21   21   21   21  
    7    7    7    7    7    7    7   10   10   10    7   10   10   10    7    7  
    0    0    0    0    0    0   10    0    0    0    0    0    0    0   10    0  
    0    0    0    0    0    0   10    0    0    0    0    0    0    0   10    0  
   27   27   27   27   27   27   10   27   27   27   27   27   27   27   10   27  
   60   60   60   60   60   10   60   60   60   60   60   60   60   60   60   10  
  187  187  187  187  187  187   10  187  187  187  187  187  187  187   10  187  
  234  234  234  234  234  234   10  234  234  234  234  234  234  234   10  234  
  255  255  255  255  255  255   10  255  255  255  255  255  255  255   10  255  
  254  254  254  254  254  254  254   10   10   10  254   10   10   10  254  254  
  251  251  251  251  251  251  251  251  251  251   10  251  251  251  251  251  
 
       B_jpeg(3)
 
  255  255  255  255  255  255  255  255  255  255  255  255  255  255  255  255  
  252  252  252  252  252  252  252  252  252  252  252  252  252  252  252  252  
  253  253  253  253  253  253  253  253  253  253  253  253  253  253  253  253  
  213  213  213  213  213  213  213  213  213  213  213  213  213  213  213  213  
  137  137  137  137  137  137  137  137  137  137  137  137  137  137  137  137  
  111  111  111  111  111  111  111  111  111  111   10  111  111  111  111  111  
   42   42   42   42   42   42   42   10   10   10   42   10   10   10   42   42  
    2    2    2    2    2    2   10    2    2    2    2    2    2    2   10    2  
    0    0    0    0    0    0   10    0    0    0    0    0    0    0   10    0  
    0    0    0    0    0    0   10    0    0    0    0    0    0    0   10    0  
    0    0    0    0    0   10    0    0    0    0    0    0    0    0    0   10  
   32   32   32   32   32   32   10   32   32   32   32   32   32   32   10   32  
    5    5    5    5    5    5   10    5    5    5    5    5    5    5   10    5  
    0    0    0    0    0    0   10    0    0    0    0    0    0    0   10    0  
    5    5    5    5    5    5    5   10   10   10    5   10   10   10    5    5  
    7    7    7    7    7    7    7    7    7    7   10    7    7    7    7    7  
 
-->B_bmp = circle(A_bmp, 10, 10, 5, 10, 10, 10, 4, 0, 0)
 B_bmp  =
 
 
       B_bmp(1)
 
    0    0    0    0    0   0   0   0    0    0    0    0    0   0   0   0  
    0    0    0    0    0   0   0   0    0    0    0    0    0   0   0   0  
    0    0    0    0    0   0   0   0    0    0    0    0    0   0   0   0  
    0    0    0    0    0   0   0   0   10   10   10   10   10   0   0   0  
    0    0    0    0    0   0  10  10   10   10   10   10   10  10  10   0  
  255  255  255  255  255  10  10  10   10   10   10   10   10  10  10  10  
  255  255  255  255   10  10  10  10   10   10   10   10   10  10  10  10  
  255  255  255  255   10  10  10  10   10   10   10   10   10  10  10  10  
  255  255  255   10   10  10  10  10   10  255  255  255   10  10  10  10  
  255  255  255   10   10  10  10  10  255  255  255  255  255  10  10  10  
  255  255  255   10   10  10  10  10  255  255  255  255  255  10  10  10  
    0    0    0   10   10  10  10  10    0    0    0    0    0  10  10  10  
    0    0    0   10   10  10  10  10   10    0    0    0   10  10  10  10  
    0    0    0    0   10  10  10  10   10   10   10   10   10  10  10  10  
    0    0    0    0   10  10  10  10   10   10   10   10   10  10  10  10  
    0    0    0    0    0  10  10  10   10   10   10   10   10  10  10  10  
 
       B_bmp(2)
 
    0    0    0    0    0   0   0   0    0    0    0    0    0   0   0   0  
    0    0    0    0    0   0   0   0    0    0    0    0    0   0   0   0  
    0    0    0    0    0   0   0   0    0    0    0    0    0   0   0   0  
    0    0    0    0    0   0   0   0   10   10   10   10   10   0   0   0  
    0    0    0    0    0   0  10  10   10   10   10   10   10  10  10   0  
    0    0    0    0    0  10  10  10   10   10   10   10   10  10  10  10  
    0    0    0    0   10  10  10  10   10   10   10   10   10  10  10  10  
    0    0    0    0   10  10  10  10   10   10   10   10   10  10  10  10  
    0    0    0   10   10  10  10  10   10    0    0    0   10  10  10  10  
    0    0    0   10   10  10  10  10    0    0    0    0    0  10  10  10  
    0    0    0   10   10  10  10  10    0    0    0    0    0  10  10  10  
  255  255  255   10   10  10  10  10  255  255  255  255  255  10  10  10  
  255  255  255   10   10  10  10  10   10  255  255  255   10  10  10  10  
  255  255  255  255   10  10  10  10   10   10   10   10   10  10  10  10  
  255  255  255  255   10  10  10  10   10   10   10   10   10  10  10  10  
  255  255  255  255  255  10  10  10   10   10   10   10   10  10  10  10  
 
       B_bmp(3)
 
  255  255  255  255  255  255  255  255  255  255  255  255  255  255  255  255  
  255  255  255  255  255  255  255  255  255  255  255  255  255  255  255  255  
  255  255  255  255  255  255  255  255  255  255  255  255  255  255  255  255  
  255  255  255  255  255  255  255  255   10   10   10   10   10  255  255  255  
  255  255  255  255  255  255   10   10   10   10   10   10   10   10   10  255  
    0    0    0    0    0   10   10   10   10   10   10   10   10   10   10   10  
    0    0    0    0   10   10   10   10   10   10   10   10   10   10   10   10  
    0    0    0    0   10   10   10   10   10   10   10   10   10   10   10   10  
    0    0    0   10   10   10   10   10   10    0    0    0   10   10   10   10  
    0    0    0   10   10   10   10   10    0    0    0    0    0   10   10   10  
    0    0    0   10   10   10   10   10    0    0    0    0    0   10   10   10  
    0    0    0   10   10   10   10   10    0    0    0    0    0   10   10   10  
    0    0    0   10   10   10   10   10   10    0    0    0   10   10   10   10  
    0    0    0    0   10   10   10   10   10   10   10   10   10   10   10   10  
    0    0    0    0   10   10   10   10   10   10   10   10   10   10   10   10  
    0    0    0    0    0   10   10   10   10   10   10   10   10   10   10   10  
 
-->B_tif = circle(A_tif, 10, 10, 5, 10, 10, 10, 6, 0, 0)
 B_tif  =
 
 
       B_tif(1)
 
    0    0    0    0   0   0   0   0   0    0    0    0   0   0   0   0  
    0    0    0    0   0   0   0   0   0    0    0    0   0   0   0   0  
    0    0    0    0   0   0   0   0  10   10   10   10  10   0   0   0  
    0    0    0    0   0   0   0  10  10   10   10   10  10  10   0   0  
    0    0    0    0   0  10  10  10  10   10   10   10  10  10  10  10  
  255  255  255  255  10  10  10  10  10   10   10   10  10  10  10  10  
  255  255  255  255  10  10  10  10  10   10   10   10  10  10  10  10  
  255  255  255   10  10  10  10  10  10   10   10   10  10  10  10  10  
  255  255  255   10  10  10  10  10  10   10   10   10  10  10  10  10  
  255  255   10   10  10  10  10  10  10   10  255   10  10  10  10  10  
  255  255   10   10  10  10  10  10  10  255  255  255  10  10  10  10  
    0    0   10   10  10  10  10  10  10   10    0   10  10  10  10  10  
    0    0   10   10  10  10  10  10  10   10   10   10  10  10  10  10  
    0    0    0   10  10  10  10  10  10   10   10   10  10  10  10  10  
    0    0    0    0  10  10  10  10  10   10   10   10  10  10  10  10  
    0    0    0    0  10  10  10  10  10   10   10   10  10  10  10  10  
 
       B_tif(2)
 
    0    0    0    0   0   0   0   0   0   0    0   0   0   0   0   0  
    0    0    0    0   0   0   0   0   0   0    0   0   0   0   0   0  
    0    0    0    0   0   0   0   0  10  10   10  10  10   0   0   0  
    0    0    0    0   0   0   0  10  10  10   10  10  10  10   0   0  
    0    0    0    0   0  10  10  10  10  10   10  10  10  10  10  10  
    0    0    0    0  10  10  10  10  10  10   10  10  10  10  10  10  
    0    0    0    0  10  10  10  10  10  10   10  10  10  10  10  10  
    0    0    0   10  10  10  10  10  10  10   10  10  10  10  10  10  
    0    0    0   10  10  10  10  10  10  10   10  10  10  10  10  10  
    0    0   10   10  10  10  10  10  10  10    0  10  10  10  10  10  
    0    0   10   10  10  10  10  10  10   0    0   0  10  10  10  10  
  255  255   10   10  10  10  10  10  10  10  255  10  10  10  10  10  
  255  255   10   10  10  10  10  10  10  10   10  10  10  10  10  10  
  255  255  255   10  10  10  10  10  10  10   10  10  10  10  10  10  
  255  255  255  255  10  10  10  10  10  10   10  10  10  10  10  10  
  255  255  255  255  10  10  10  10  10  10   10  10  10  10  10  10  
 
       B_tif(3)
 
  255  255  255  255  255  255  255  255  255  255  255  255  255  255  255  255  
  255  255  255  255  255  255  255  255  255  255  255  255  255  255  255  255  
  255  255  255  255  255  255  255  255   10   10   10   10   10  255  255  255  
  255  255  255  255  255  255  255   10   10   10   10   10   10   10  255  255  
  255  255  255  255  255   10   10   10   10   10   10   10   10   10   10   10  
    0    0    0    0   10   10   10   10   10   10   10   10   10   10   10   10  
    0    0    0    0   10   10   10   10   10   10   10   10   10   10   10   10  
    0    0    0   10   10   10   10   10   10   10   10   10   10   10   10   10  
    0    0    0   10   10   10   10   10   10   10   10   10   10   10   10   10  
    0    0   10   10   10   10   10   10   10   10    0   10   10   10   10   10  
    0    0   10   10   10   10   10   10   10    0    0    0   10   10   10   10  
    0    0   10   10   10   10   10   10   10   10    0   10   10   10   10   10  
    0    0   10   10   10   10   10   10   10   10   10   10   10   10   10   10  
    0    0    0   10   10   10   10   10   10   10   10   10   10   10   10   10  
    0    0    0    0   10   10   10   10   10   10   10   10   10   10   10   10  
    0    0    0    0   10   10   10   10   10   10   10   10   10   10   10   10  
 
-->B_png = circle(A_png, 10, 10, 5, 10, 10, 10, 8, 0, 0)
 B_png  =
 
 
       B_png(1)
 
  255  255  255  255  255  255  255  255  255  255  255  255  255  255  255  255  
    0    0    0    0    0    0    0    0   10   10   10   10   10    0    0    0  
    0    0    0    0    0    0   10   10   10   10   10   10   10   10   10    0  
  255  255  255  255  255   10   10   10   10   10   10   10   10   10   10   10  
  255  255  255  255   10   10   10   10   10   10   10   10   10   10   10   10  
    0    0    0   10   10   10   10   10   10   10   10   10   10   10   10   10  
    0    0   10   10   10   10   10   10   10   10   10   10   10   10   10   10  
  255  255   10   10   10   10   10   10   10   10   10   10   10   10   10   10  
  255   10   10   10   10   10   10   10   10   10   10   10   10   10   10   10  
    0   10   10   10   10   10   10   10   10   10   10   10   10   10   10   10  
    0   10   10   10   10   10   10   10   10   10    0   10   10   10   10   10  
  255   10   10   10   10   10   10   10   10   10   10   10   10   10   10   10  
  255   10   10   10   10   10   10   10   10   10   10   10   10   10   10   10  
    0    0   10   10   10   10   10   10   10   10   10   10   10   10   10   10  
    0    0   10   10   10   10   10   10   10   10   10   10   10   10   10   10  
  255  255  255   10   10   10   10   10   10   10   10   10   10   10   10   10  
 
