 ans  =
 
    1.  
 
-->C_jpeg=cvtColor(B_jpeg,"CV_Lab2BGR",0)
 C_jpeg  =
 
 
       C_jpeg(1)
 
    0    0    0    0    0    0    0    0    0    0    0    0    0    0    0    0  
    0    0    0    0    0    0    0    0    0    0    0    0    0    0    0    0  
    0    0    0    0    0    0    0    0    0    0    0    0    0    0    0    0  
   27   27   27   27   27   27   27   27   27   27   27   27   27   27   27   27  
   74   74   74   74   74   74   74   74   74   74   74   74   74   74   74   74  
  174  174  174  174  174  174  174  174  174  174  174  174  174  174  174  174  
  227  227  227  227  227  227  227  227  227  227  227  227  227  227  227  227  
  251  251  251  251  251  251  251  251  251  251  251  251  251  251  251  251  
  254  254  254  254  254  254  254  254  254  254  254  254  254  254  254  254  
  217  217  217  217  217  217  217  217  217  217  217  217  217  217  217  217  
  130  130  130  130  130  130  130  130  130  130  130  130  130  130  130  130  
  127  127  127  127  127  127  127  127  127  127  127  127  127  127  127  127  
   36   36   36   36   36   36   36   36   36   36   36   36   36   36   36   36  
    7    7    7    7    7    7    7    7    7    7    7    7    7    7    7    7  
    0    0    0    0    0    0    0    0    0    0    0    0    0    0    0    0  
    7    7    7    7    7    7    7    7    7    7    7    7    7    7    7    7  
 
       C_jpeg(2)
 
    3    3    3    3    3    3    3    3    3    3    3    3    3    3    3    3  
    5    5    5    5    5    5    5    5    5    5    5    5    5    5    5    5  
    5    5    5    5    5    5    5    5    5    5    5    5    5    5    5    5  
    3    3    3    3    3    3    3    3    3    3    3    3    3    3    3    3  
    1    1    1    1    1    1    1    1    1    1    1    1    1    1    1    1  
   22   22   22   22   22   22   22   22   22   22   22   22   22   22   22   22  
   11   11   11   11   11   11   11   11   11   11   11   11   11   11   11   11  
    3    3    3    3    3    3    3    3    3    3    3    3    3    3    3    3  
    0    0    0    0    0    0    0    0    0    0    0    0    0    0    0    0  
   26   26   26   26   26   26   26   26   26   26   26   26   26   26   26   26  
   60   60   60   60   60   60   60   60   60   60   60   60   60   60   60   60  
  186  186  186  186  186  186  186  186  186  186  186  186  186  186  186  186  
  235  235  235  235  235  235  235  235  235  235  235  235  235  235  235  235  
  255  255  255  255  255  255  255  255  255  255  255  255  255  255  255  255  
  254  254  254  254  254  254  254  254  254  254  254  254  254  254  254  254  
  251  251  251  251  251  251  251  251  251  251  251  251  251  251  251  251  
 
       C_jpeg(3)
 
  255  255  255  255  255  255  255  255  255  255  255  255  255  255  255  255  
  253  253  253  253  253  253  253  253  253  253  253  253  253  253  253  253  
  253  253  253  253  253  253  253  253  253  253  253  253  253  253  253  253  
  214  214  214  214  214  214  214  214  214  214  214  214  214  214  214  214  
  138  138  138  138  138  138  138  138  138  138  138  138  138  138  138  138  
  112  112  112  112  112  112  112  112  112  112  112  112  112  112  112  112  
   42   42   42   42   42   42   42   42   42   42   42   42   42   42   42   42  
    2    2    2    2    2    2    2    2    2    2    2    2    2    2    2    2  
    0    0    0    0    0    0    0    0    0    0    0    0    0    0    0    0  
    0    0    0    0    0    0    0    0    0    0    0    0    0    0    0    0  
    0    0    0    0    0    0    0    0    0    0    0    0    0    0    0    0  
   31   31   31   31   31   31   31   31   31   31   31   31   31   31   31   31  
    4    4    4    4    4    4    4    4    4    4    4    4    4    4    4    4  
    4    4    4    4    4    4    4    4    4    4    4    4    4    4    4    4  
    0    0    0    0    0    0    0    0    0    0    0    0    0    0    0    0  
    4    4    4    4    4    4    4    4    4    4    4    4    4    4    4    4  
 
-->//B_png=cvtColor(B_png,"CV_Lab2BRG",0)
 
-->C_bmp = cvtColor(B_bmp,"CV_Lab2BGR",0)
 C_bmp  =
 
 
       C_bmp(1)
 
    0    0    0    0    0    0    0    0    0    0    0    0    0    0    0    0  
    0    0    0    0    0    0    0    0    0    0    0    0    0    0    0    0  
    0    0    0    0    0    0    0    0    0    0    0    0    0    0    0    0  
    0    0    0    0    0    0    0    0    0    0    0    0    0    0    0    0  
    0    0    0    0    0    0    0    0    0    0    0    0    0    0    0    0  
  255  255  255  255  255  255  255  255  255  255  255  255  255  255  255  255  
  255  255  255  255  255  255  255  255  255  255  255  255  255  255  255  255  
  255  255  255  255  255  255  255  255  255  255  255  255  255  255  255  255  
  255  255  255  255  255  255  255  255  255  255  255  255  255  255  255  255  
  255  255  255  255  255  255  255  255  255  255  255  255  255  255  255  255  
  255  255  255  255  255  255  255  255  255  255  255  255  255  255  255  255  
    7    7    7    7    7    7    7    7    7    7    7    7    7    7    7    7  
    7    7    7    7    7    7    7    7    7    7    7    7    7    7    7    7  
    7    7    7    7    7    7    7    7    7    7    7    7    7    7    7    7  
    7    7    7    7    7    7    7    7    7    7    7    7    7    7    7    7  
    7    7    7    7    7    7    7    7    7    7    7    7    7    7    7    7  
 
       C_bmp(2)
 
    1    1    1    1    1    1    1    1    1    1    1    1    1    1    1    1  
    1    1    1    1    1    1    1    1    1    1    1    1    1    1    1    1  
    1    1    1    1    1    1    1    1    1    1    1    1    1    1    1    1  
    1    1    1    1    1    1    1    1    1    1    1    1    1    1    1    1  
    1    1    1    1    1    1    1    1    1    1    1    1    1    1    1    1  
    2    2    2    2    2    2    2    2    2    2    2    2    2    2    2    2  
    2    2    2    2    2    2    2    2    2    2    2    2    2    2    2    2  
    2    2    2    2    2    2    2    2    2    2    2    2    2    2    2    2  
    2    2    2    2    2    2    2    2    2    2    2    2    2    2    2    2  
    2    2    2    2    2    2    2    2    2    2    2    2    2    2    2    2  
    2    2    2    2    2    2    2    2    2    2    2    2    2    2    2    2  
  255  255  255  255  255  255  255  255  255  255  255  255  255  255  255  255  
  255  255  255  255  255  255  255  255  255  255  255  255  255  255  255  255  
  255  255  255  255  255  255  255  255  255  255  255  255  255  255  255  255  
  255  255  255  255  255  255  255  255  255  255  255  255  255  255  255  255  
  255  255  255  255  255  255  255  255  255  255  255  255  255  255  255  255  
 
       C_bmp(3)
 
  255  255  255  255  255  255  255  255  255  255  255  255  255  255  255  255  
  255  255  255  255  255  255  255  255  255  255  255  255  255  255  255  255  
  255  255  255  255  255  255  255  255  255  255  255  255  255  255  255  255  
  255  255  255  255  255  255  255  255  255  255  255  255  255  255  255  255  
  255  255  255  255  255  255  255  255  255  255  255  255  255  255  255  255  
    1    1    1    1    1    1    1    1    1    1    1    1    1    1    1    1  
    1    1    1    1    1    1    1    1    1    1    1    1    1    1    1    1  
    1    1    1    1    1    1    1    1    1    1    1    1    1    1    1    1  
    1    1    1    1    1    1    1    1    1    1    1    1    1    1    1    1  
    1    1    1    1    1    1    1    1    1    1    1    1    1    1    1    1  
    1    1    1    1    1    1    1    1    1    1    1    1    1    1    1    1  
    4    4    4    4    4    4    4    4    4    4    4    4    4    4    4    4  
    4    4    4    4    4    4    4    4    4    4    4    4    4    4    4    4  
    4    4    4    4    4    4    4    4    4    4    4    4    4    4    4    4  
    4    4    4    4    4    4    4    4    4    4    4    4    4    4    4    4  
    4    4    4    4    4    4    4    4    4    4    4    4    4    4    4    4  
 
-->C_tif=cvtColor(B_tif,"CV_Lab2BGR",0)
 C_tif  =
 
 
       C_tif(1)
 
    0    0    0    0    0    0    0    0    0    0    0    0    0    0    0    0  
    0    0    0    0    0    0    0    0    0    0    0    0    0    0    0    0  
    0    0    0    0    0    0    0    0    0    0    0    0    0    0    0    0  
    0    0    0    0    0    0    0    0    0    0    0    0    0    0    0    0  
    0    0    0    0    0    0    0    0    0    0    0    0    0    0    0    0  
  255  255  255  255  255  255  255  255  255  255  255  255  255  255  255  255  
  255  255  255  255  255  255  255  255  255  255  255  255  255  255  255  255  
  255  255  255  255  255  255  255  255  255  255  255  255  255  255  255  255  
  255  255  255  255  255  255  255  255  255  255  255  255  255  255  255  255  
  255  255  255  255  255  255  255  255  255  255  255  255  255  255  255  255  
  255  255  255  255  255  255  255  255  255  255  255  255  255  255  255  255  
    7    7    7    7    7    7    7    7    7    7    7    7    7    7    7    7  
    7    7    7    7    7    7    7    7    7    7    7    7    7    7    7    7  
    7    7    7    7    7    7    7    7    7    7    7    7    7    7    7    7  
    7    7    7    7    7    7    7    7    7    7    7    7    7    7    7    7  
    7    7    7    7    7    7    7    7    7    7    7    7    7    7    7    7  
 
       C_tif(2)
 
    1    1    1    1    1    1    1    1    1    1    1    1    1    1    1    1  
    1    1    1    1    1    1    1    1    1    1    1    1    1    1    1    1  
    1    1    1    1    1    1    1    1    1    1    1    1    1    1    1    1  
    1    1    1    1    1    1    1    1    1    1    1    1    1    1    1    1  
    1    1    1    1    1    1    1    1    1    1    1    1    1    1    1    1  
    2    2    2    2    2    2    2    2    2    2    2    2    2    2    2    2  
    2    2    2    2    2    2    2    2    2    2    2    2    2    2    2    2  
    2    2    2    2    2    2    2    2    2    2    2    2    2    2    2    2  
    2    2    2    2    2    2    2    2    2    2    2    2    2    2    2    2  
    2    2    2    2    2    2    2    2    2    2    2    2    2    2    2    2  
    2    2    2    2    2    2    2    2    2    2    2    2    2    2    2    2  
  255  255  255  255  255  255  255  255  255  255  255  255  255  255  255  255  
  255  255  255  255  255  255  255  255  255  255  255  255  255  255  255  255  
  255  255  255  255  255  255  255  255  255  255  255  255  255  255  255  255  
  255  255  255  255  255  255  255  255  255  255  255  255  255  255  255  255  
  255  255  255  255  255  255  255  255  255  255  255  255  255  255  255  255  
 
       C_tif(3)
 
  255  255  255  255  255  255  255  255  255  255  255  255  255  255  255  255  
  255  255  255  255  255  255  255  255  255  255  255  255  255  255  255  255  
  255  255  255  255  255  255  255  255  255  255  255  255  255  255  255  255  
  255  255  255  255  255  255  255  255  255  255  255  255  255  255  255  255  
  255  255  255  255  255  255  255  255  255  255  255  255  255  255  255  255  
    1    1    1    1    1    1    1    1    1    1    1    1    1    1    1    1  
    1    1    1    1    1    1    1    1    1    1    1    1    1    1    1    1  
    1    1    1    1    1    1    1    1    1    1    1    1    1    1    1    1  
    1    1    1    1    1    1    1    1    1    1    1    1    1    1    1    1  
    1    1    1    1    1    1    1    1    1    1    1    1    1    1    1    1  
    1    1    1    1    1    1    1    1    1    1    1    1    1    1    1    1  
    4    4    4    4    4    4    4    4    4    4    4    4    4    4    4    4  
    4    4    4    4    4    4    4    4    4    4    4    4    4    4    4    4  
    4    4    4    4    4    4    4    4    4    4    4    4    4    4    4    4  
    4    4    4    4    4    4    4    4    4    4    4    4    4    4    4    4  
    4    4    4    4    4    4    4    4    4    4    4    4    4    4    4    4  
 
-->diary(0)
