 d  =
 
    1.  
 
-->PNG = imread('color.tif')
 PNG  =
 
(:,:,1)
 
  0  0  0  0  0  255  255  255  255  255  255  0  0  0  0  0  
  0  0  0  0  0  255  255  255  255  255  255  0  0  0  0  0  
  0  0  0  0  0  255  255  255  255  255  255  0  0  0  0  0  
  0  0  0  0  0  255  255  255  255  255  255  0  0  0  0  0  
  0  0  0  0  0  255  255  255  255  255  255  0  0  0  0  0  
  0  0  0  0  0  255  255  255  255  255  255  0  0  0  0  0  
  0  0  0  0  0  255  255  255  255  255  255  0  0  0  0  0  
  0  0  0  0  0  255  255  255  255  255  255  0  0  0  0  0  
  0  0  0  0  0  255  255  255  255  255  255  0  0  0  0  0  
  0  0  0  0  0  255  255  255  255  255  255  0  0  0  0  0  
  0  0  0  0  0  255  255  255  255  255  255  0  0  0  0  0  
  0  0  0  0  0  255  255  255  255  255  255  0  0  0  0  0  
  0  0  0  0  0  255  255  255  255  255  255  0  0  0  0  0  
  0  0  0  0  0  255  255  255  255  255  255  0  0  0  0  0  
  0  0  0  0  0  255  255  255  255  255  255  0  0  0  0  0  
  0  0  0  0  0  255  255  255  255  255  255  0  0  0  0  0  
(:,:,2)
 
  0  0  0  0  0  0  0  0  0  0  0  255  255  255  255  255  
  0  0  0  0  0  0  0  0  0  0  0  255  255  255  255  255  
  0  0  0  0  0  0  0  0  0  0  0  255  255  255  255  255  
  0  0  0  0  0  0  0  0  0  0  0  255  255  255  255  255  
  0  0  0  0  0  0  0  0  0  0  0  255  255  255  255  255  
  0  0  0  0  0  0  0  0  0  0  0  255  255  255  255  255  
  0  0  0  0  0  0  0  0  0  0  0  255  255  255  255  255  
  0  0  0  0  0  0  0  0  0  0  0  255  255  255  255  255  
  0  0  0  0  0  0  0  0  0  0  0  255  255  255  255  255  
  0  0  0  0  0  0  0  0  0  0  0  255  255  255  255  255  
  0  0  0  0  0  0  0  0  0  0  0  255  255  255  255  255  
  0  0  0  0  0  0  0  0  0  0  0  255  255  255  255  255  
  0  0  0  0  0  0  0  0  0  0  0  255  255  255  255  255  
  0  0  0  0  0  0  0  0  0  0  0  255  255  255  255  255  
  0  0  0  0  0  0  0  0  0  0  0  255  255  255  255  255  
  0  0  0  0  0  0  0  0  0  0  0  255  255  255  255  255  
(:,:,3)
 
  255  255  255  255  255  0  0  0  0  0  0  0  0  0  0  0  
  255  255  255  255  255  0  0  0  0  0  0  0  0  0  0  0  
  255  255  255  255  255  0  0  0  0  0  0  0  0  0  0  0  
  255  255  255  255  255  0  0  0  0  0  0  0  0  0  0  0  
  255  255  255  255  255  0  0  0  0  0  0  0  0  0  0  0  
  255  255  255  255  255  0  0  0  0  0  0  0  0  0  0  0  
  255  255  255  255  255  0  0  0  0  0  0  0  0  0  0  0  
  255  255  255  255  255  0  0  0  0  0  0  0  0  0  0  0  
  255  255  255  255  255  0  0  0  0  0  0  0  0  0  0  0  
  255  255  255  255  255  0  0  0  0  0  0  0  0  0  0  0  
  255  255  255  255  255  0  0  0  0  0  0  0  0  0  0  0  
  255  255  255  255  255  0  0  0  0  0  0  0  0  0  0  0  
  255  255  255  255  255  0  0  0  0  0  0  0  0  0  0  0  
  255  255  255  255  255  0  0  0  0  0  0  0  0  0  0  0  
  255  255  255  255  255  0  0  0  0  0  0  0  0  0  0  0  
  255  255  255  255  255  0  0  0  0  0  0  0  0  0  0  0  
 
-->diary(d,'close')
